8
8
9
9
9
10
14
14
16
16
10
14
21
21
22
21
8
20
23
14
14
10
6
5
20
20
4
4
11
11
23
4
4
3
4
3
4
6
11
11
23
20
23
20
23
20
20
4
3
3
4
11
11
12
12
21
23
3
3
4
4
3
10
3
20
23
21
22
20
24
9
21
12
11
3
10
11
1
1
8
7
1
1
2
1
12
14
1
1
1
2
1
7
14
10
14
2
2
2
1
16
17
1
2
7
11
11
12
12
14
12
11
11
10
10
14
14
21
21
17
17
14
5
17
17
5
5
6
17
17
7
11
16
17
16
16
17
5
6
17
17
16
6
5
17
17
16
21
5
5
5
14
2
11
12
6
16
16
2
22
2
6
22
9
8
22
21
1
7
21
2
2
21
22
21
22
8
4
22
5
7
23
20
9
23
9
8
9
7
9
8
22
8
9
16
6
5
9
21
8
7
18
18
18
18
19
19
18
18
16
19
19
18
18
19
18
18
18
18
18
19
19
19
19
7
18
19
10
19
13
13
23
7
20
15
3
10
1
18
8
24
12
