6,39
50,85
61,63,93
23,104
17,33,45,46,76
55,61
25,90,143
63,140
11,78
36,45,69,138
22,42,82,119,121,144
97,107
20,51
11,115
47,55,90
37,48,103,135
8,64
25,143
6,39,65,70
79,101
47,108
67,119
62,136
18,106,109,113
56,61,140
43,56
44,109
7,13
4,32,44,116,125
1,2,74,85,111,117,129
33,138
18,44,125
44
23,148
33,46,76
26,37
29,41,51,62,65,97,120,145
4,20,44,116,125,127
47,114
42,119
58,78,85,99,135
93,144
45,53,68
80,101,112
2,3,21,41,61,85,130,136,142,147,148
1,2
63,115
106,144
8,12,61,63,147
32,104
94,129
98,133
85,139
1,117,129
1,62,65,133
17,36,46
2,114
137,143
34,113
37,50
46,96,138
20,125
108,116,125
23,93,125
45,76,138
20,45,112
85,89,99
41,130
20,57,108,116,125
2,9,40,51,63,72,78,79,85,91,128,136
27,110
27,36,110
122,133
12,47
3,118,127
42,106
27,52
8,12,23,24,52,61,63,64,77,140
15,115
37
14,105
20,23,61,63,116
8,104
63,125
23,63,77
27,36
21,130
95,107
23,61
34,106
2,3,8,12,21,41,61,85,130,136
3,102
63,64
33,45,76
18,84,106,109,130,144
1,71
86
41,75
25,47,55
43,93,104
56,147
74,85
17,69
23,136
2,40,72,75,95,147
27,45,53,112
27,68
39,101
23,63
25,55
1,4,17,18,32,44,84,108,109,130
54,90,137
41,51,120
43,44
6,111
12,61
33,45,46,53
43,108,132
51,145
45,76
20,44,57,116,125
39,59,70,145
43,77
43,115
54,108
66,70
17,46,52
117,140
23,63,85
8,61,63
75,78
1,2,8,21,23,38,43,74,79,85,93,117,125,129,130,148
23,93,104
104,114,132
1,29,41,62,65,122,133
54,132
72,75
43,93,104,108,140
28,63
29,41
1,29,41,51,62,65,97,133
39,95
40,80,95
37,48,85
17,33,46,76
44,113
79,85
2,40,75,95,147
20,23,44,57,63,116,125,140
46
39,136
3,61,77
115,129
47,55,132
17,33,36,46
27,53,112
26,117
41,51,62,65,97,107,120,136,145
36,45,46,68,138
5,47,87
2,117
41,136,137
20,108,116,125
38,93
85,90
20,33,45
134
24,118
41,120
29,41,62,122,133
41,51,97
62,133
42,137
19,103
23,85,93
12,64
8,59
68,96
86,90,123
25,55,132
57,63
23,63,136
5,47,55,63,114,132
17,46
2,63,72,115
1,43,57,85,125
17,57,125
1,65,97,120
1,52
36,46
51,120
8,129
86,108
65,97,122
47,55,86,104,114
2,58,140
34,144
95,147
27,53,110
120,139
19,62
56,63,115
2,3,6,7,8,9,13,14,19,21,26,29,38,40,48,51,59,60,61,63,72,75,78,80,85,88,94,95,97,102,105,111,126,128,134,147
23,118
2,85,117,129
17,52
42,106,121
113,144
25,89
43,55,132
27,33,76
58,115
12,46,57,61,76,118,140
33,53
8,30,39,49,59,70,101,141,143,145
56,140
43,73
110,138
37,86
11,58,78,85
19,128
1,29,41,51,62,65,97,107,112,122,133
115
12,23
86,111
11,58,85
53,69
6,62,65,97
45,53,68,138
25,47,55,132
17,20,33,45,116,125
9,28
33,110
55,61,147
28,65
6,19,59,65,70,80,145
20,43,44,57,108,116,125
18,44
23,115
6,65,97
61,63,117
37,135
8,12
5,47,55,114,132,136
62,107
25,54,90
47,55,61,132
111,137
41,117
5,55,87
80,101
55,147
56,57
25,132
39,70,145
27,45,68,69,138
20,23
108,114
12,57,64,118
65,71,97
17,20,44,57,116,125
20,136
45,110
75,147
17,45,112
14,28
1,29,41,51,65,97
83
2,40
41,63,85
104,108,116,125
6,41,65
17,56
8,12,23,63,77,115,118,140
90,114
17,20,44,112,116,125
104,141
8,132
17
37,85,99,135
2,55,72,95
61,63
73,87
44,108
97,120
23,43,63,115
2,40,72,75
24,43,108
15,104,132
51,97
57,108,125
1,122
23,116
17,27,138
36,76
68,112
95,128
2,40,72,75,80,95
20,100
121,144
23,63,79,117
67,144
140,147
43,108,140
6,65,70,71,97
61,77
59,79
72,95
2,56
41,136
115,117
68,96,138,146
1,2,21,63,74,85,93,115,117,129,148
15,24
23,116,125
76,77
1,2,11,41,58,72,74,75,78,85,117,129
73,144
136,137
20,23,61,63,108,116,125,140
39,123
33,46,52
36,46,52
4,20,108,116,125
17,45,68
103,128
8,75,80,112
5,47
23,43,63,116,140
24,57
17,20,45,116,125,136
62,65,71
41,62,65,97,107
8,59,70
11,37,48,50,58,78,85,89,91,99,135
1,29,41,65,97,107
62,137
1,65
82,144
20,108
109,113
41,58
3,61,77,140
6
1,29,41,62,65,97,122,133
71,86,123
5,55,114,132
1,4
1,29
68,69,96
75,95
22,42,82,106,119,121,144
55,114
70,128
17,33,36,45,76
27,45,53,68,76,112
39,117
43,132
41,115
71,136,137,142
52,56,76
13,102,126,134
90
2,63
41,62,107,133
33,45,112
53,68,112
114,137
45,46
1,2,8,23,43,85,93,117
61,63,140
43,104,108
107,112
55,104
23,63,93,140
22,113
1,29,62,65,122,133
20,23,61,63,116,125
41,128
69,138
37,73,88
6,145
27,68,146
27,45,53,138
27,45,46,76
27,45,110,138
2,61,63,140
44,57
20,116,136
29,41,51,62,65,97
8,63
54,103
85,99
23,61,63,77,115,140
59,120
17,27,110
96,110
33,45
54,62,137
25,47,55,104
4,41,84
9,102
8,15
24,57,64,118,140
80,112
86,87
34,106,131,144
47,55
18,109,131
4,44,108,116
90,103
104,132
8,12,23,24,52,61,63,76,116,118,140
1,20,44,108,125
17,33,46
43,93,108
20,33,45,112
123,136,142
33,142
41,63
42
99,100
73,125
55,86
26,103
33,45,53,112
61,117
106,131
23,85
33,52
5,25,47,55,114,132
44,108,125,144
23,117
104,114
6,39,70
61,63,140,147
73,88
45,46,76,138
68,76
6,62,65,70,97
4,20,44
23,63,93
57,116
85,115
5,25,47,54,55,90,104,114,132
19
64,102
17,33,45,118,136,147
3,38
33,96
1,133,136
5,25,90
24,33
120
87,137
28,128
12,140
54,136
20,23,61,63
86,88
55,87
15,61,63
1,20,116,125
15,132
36,138
57,125
61
2,93
8,56,77,115
43,77,115
98,148
33,76
41,51,62,65,97,112
19,37,48,85,135
7,28,60
8,118
39,112
8,145
79,85,99,135
4,20,125
66,117
37,103
2,137
95,112
54,86
37,78
27,33,45
56,93
1,2,41,56,85,115,117,129
131,144
107,133
14,28,60
7,104
70,101
37,59,78,79
2,128
20,43,44,108,125
41,59
44,125
127,144
6,58
55
37,85,117
117,129
56,138
34,106,113
65
2,95
41,62,65,97,112,122,133
95
61,63,115,140,147
1,29,41,62,133
55,143
101,141
106,113
8,115
23,125
28,93
56,111
8,147
21,104
15,43
28,29,51,65
139
1,4,20,44,116,125
39,142
80,95
115,147
2,85
37,99,135
4,20,44,116,125
55,57
1,2,11,58,72,74,75,78,85,111,117,129
1,2,8,23,43,74,85,93,117,125
42,121
87,90
5,47,114
19,37
77,115
8,23
26,37,48
61,116
25,55,114
43,63
11,61
62,112
43,57
7,28,60,129
2,55
41,59,120,145
63,111
47
61,85
55,129
12,115
71,90
90,143
1,2,11,41,58,63,66,74,78,85,111,117
20,44,116,125
27,45,68,138,146
38,144
4,20
23,63,93,115
41,97
4,65
40,80
69,96,110,138
4,84
17,57
41,51,62,65,107,112,133
37,59,99
30,74
86,114
6,19
33,52,76
44,127
1,98
23,102
17,33
64,140
1,4,12,23,41,43,44,57,63,64,118,125,140
41,122
8,59,141
77
37,48,135
22,42,67,119,121,131,144
118,140
8,141
62,122
23,111
41,62,65
57,116,125
65,98
36,96,138
44,137
100,104
20,44,108,125
2,58,72,75
23,57,116,125
1,11,41,66,74,78,85,117,129
12,56,115
2,129
12,17,57
4,20,44,116
37,48,85,135
1,129
2,115
2,80
4,17,20,45,116,125,136
51,59
1,2,8,58,61,63,75,85,112,117
23,64
1,23,85
21,102
43,57,93,104,108
23,61,63
4,65,98
109,131
40,75,147
6,29,62,65,97
54,90,137,143
53,112
6,29,62,65,71,97,122
27,45,138
86,142
5,15,25,43,47,54,55,86,90,104,108,114,132
55,114,132
23,77,115
20,44,108,116,125
27,68,138
2,61
27,146
47,87,114
2,140
90,137
57,108
127,131
1,20
61,125
19,79
4,20,44,125
63,74
37,99
73,104
55,73
30,40
7,28
18,144
33,86
113,131
20,43,44,125
2,40,95
5,25,47,54,55,104,114,132
62,65
33,45,138
54,137,143
6,80,112
41,137
33,36
8,56
2,41,63
8,57
64,77
59,142
61,147
45,76,112
26,64
12,147
27,96
59,65
47,55,61,104
79,91
42,130
54,83
43,56,57
104,108,132
32,44,130,137
68,110,138,146
90,128
29,41,51,62,107,122,133
77,118
86,112
90,123
1,147
27,36,69,146
23,140
45,53,69
8,23,140
4,20,116
63,79
45,138
78,129
8,63,115
45,112
79,85,99
54,143
29,41,51,133
8,41,61,63,85,136,140,148
12,63,140
93,104,148
52,57
26,140
39,59
8,143
2,63,115
61,148
43,57,108
57
115,116
12,56
37,50,89
56,117
25,73,104
83,143
9,21,102
14,60
20,23,61,63,116,125,140
78,90
56
8,64,116
68,96,138
62,65,71,97,112
114,143
59,117
20,118
104,116
85,117,129
41,136,142
1,51
43
15,114
50,86
6,65,70,145
57,115
23,38,93
36,69,96,138
93,104,108
86,132
43,57,104,108
41,62,122,133
1,23,85,93,117,136
61,140,147
41,85
4,41,84,130
53,68,110
110,146
32,44
41,107
64,111
1,29,41
4,18,32,44,84,109,130,137
8,39,59
86,143
68,110
15,73
43,116
12,23,63
78,79
17,45,53,112
25,73,132
111,147
15,25,43,47,54,55,86,90,104,108,114,132
4,44,57,108,116,125
43,104,132
74
1,41,65
33,53,112
52,115
37,50,135
5,47,55
69,96
17,138
22,42,67,81,119,121,131,144
17,20,33,45,136
13,69,138
40,72,75,147
59,101
109,144
1,29,41,51,122,133
56,139
40,85
58,75
12,43,63
45,146
20,44,116
53,138
27,76
17,20
38,93,129
23,108
11,48,78,85,99
52,63
45,46,52,76,138
93,102
23,77
63,93,140
62,65,71,97
94,102
15
47,55,114,132
92,109
36,112
8,46
25,55,104,132
11,40
37,59
55,87,114
106,109,113,144
20,112
131,137
26,83
22,42,81,82,119,121,131,144
61,129
110,112
33
79,98
71,137
23,24
73,132
28,41
1,117
12,63
20,57
53,64
47,55,87,114
33,45,46,69,76,138
19,28
1,79
45,68,138,146
12,77
33,45,46,112
65,122
27,36,46
70,80,95,101,145
1,29,41,51,62,65,107,133
20,33,45,136
41,51,97,120
53,96
61,136
33,45,53
92,131
42,121,144
12,57
80,147
65,66
6,54
17,33,36,45,46,76
27,45,68,138
37,73
33,69
28,41,51
41,148
24,64,118
19,37,48,66
6,88,111
78,85
63,148
28,148
39,70
57,133
54,88
1,20,116
61,140
86,136,137
6,65,112
70
2,147
6,88
93,141
64,76
17,76
2,72
29,97
79,135
4,131
63,147
23,43,57,93,104,108,140
20,57,116,125
45,68
20,23,61,63,116,140
29,41,65,145
11,99
90,142
39,59,70
20,23,116,136
61,132
46,57
24,57,116
37,53
81,144
27,36,138
28,51
23,63,140
22,82
83,117
104
1,29,41,51,74,97
20,45
63,116
21
37,48,128
41,65
1,23
29,41,51,62,65,107,133
53,110
26,99,108
55,87,114,132
4,20,44,108,116,125
59,85
4,6,29,41,51,62,65,75,80,84,85,95,97,107,120,136,137,145
40,139
6,65,71,97
23,43,140
41,62,133
39,145
62,129
23,64,118,140
54,136,137
6,74,111
36,46,53
33,86,112
1,20,44,57,108,116,125
77,138,146
1,17,20,33,44,45,112
53,68
73,108
2,55,93,115
41,145
5,132
40,72
38,117
61,63,77,140
12
57,63,118
56,115,140
39,59,80
45,69
1,41,62
1,4,41
15,104
6,74
2,85,111
57,64
3,147
43,57,93,108,116
24,33,43
46,76
45,53,112
1,41,66,85,117,129
111
36,68
45,68,69,96,138
3
55,61,132
6,85,111
5,47,55,104,114,132
20,23,116
43,57,61,63,64,108,118,140
1,6,29,41,51,62,65,107,112,120,122,133
18,44,109
4,20,23,61,63,116,127
6,62,65,71,97,112
6,65
70,107
32,42
108,114,132
24,43
22,144
17,27
47,104,114
86,90
2,41,85
43,93
54,90
1,23,136
17,45,76,138
83,103
1,112
45,53,68,112
87,114
9,136
80,95,112
27,45,76
36,52
23,63,115
27,45,112
2,72,95
109,131,144
17,20,112
41,51
2,79
61,132,147
1,41
5,114,143
37,46
23,57,63
68,138
7,126
8
56,116
1,132
146
1,20,23,38,41,56,57,61,63,93,108,116,125,129,130
1,57
29,65
15,76
17,27,36,68,138
77,140
63,95
24,64,140
27,69
93,129
127,130
96,138
140,148
11,23
4,18,130
7,9,21,126
15,61
108,140
144
2,75,129
52,56
6,19,29,41,62,65,78,85
13
106,109,113
91,128
17,36
86,137
42,113
56,61
2,23,63,93,115
111,140
1,41,62,133
2,55,61
29
17,36,46,76
41,58,62
1,8
23,56
29,41,51,62,65,97,120
33,112
2,55,95
43,55
15,64
20,53
28,134
8,23,43,56
5,55
52,76
1,4,12,20,41,43,44,51,57,108,116,125
41,84
5,54,55,114,132
20,108,125
37,91
93,147
46,68
4,97
61,128
86,90,142
73,114
55,130
2,63,72,85
1,2,41,56,63,93,115,117,129
5,47,132
23,63,108
1,2,8,9,14,21,41,51,63,74,79,85,93,111,128,129
20,44,57,108,116,125
2,79,117
62
61,93
5,47,55,114,132
6,65,71
24,108
41,112
114
56,63
12,61,147
6,70
21,55,93,130,148
86,136,142
4,18,84,106,109,130,131
2,58
17,46,52,76
63,129
45,46,76
54,117
27,45
41,61
27,53
62,65,97
47,86,114
54,137
9,14,38,93,148
58,78
2,11
25,43
40,91,95
57,104,116
28,98,148
65,70
85,114
2,41,61,85,136,148
5,55,132
1,85
57,115,118
25,54
28,94
27,53,68,138,146
23,93
102
6,62
28,136
5,47,55,87
1,8,23,63,93,115,117
2,72,75
33,46
23,63,117
108,125
18,109
28,79
32,93
17,20,44,116,125
56,64
2,56,61,129
22,121
29,41,51
37,48,50
44,57,125
47,104
32,137
2,95,132
30,54
38,60
43,108
55,130,148
75,129
86,97,136,142
45,69,96,138
85,117
1,41,85
61,108
121,131
84,131
86,99
41,62
75,112
51,79,136
85,111
71,112
18,131
37,48,78,135
8,12,23,24,46,52,61,63,64,76,77,116,140
45,110,138
27,112
59,80
1,125
22,106
1,107
86,123,142
18,109,113
41,98
112
1,62,133
20
77,147
1,41,65,97,107
37,89
58,132
5,114
71,86,142
86,95
1,136
23,43
112,123
44,108,125
20,116
6,29,41,51,62,65,97,107,120,136,145
43,104
37,85,99
68,146
1,74,85,117
86,136
106,121
27,45,53,68
65,71
101,112
93,104
131,141
47,90
61,104
86,104,132
14,32,93
7,102
8,77
1,41,51
1,41,133
30,37
32,131
20,44
55,108
73,90
90,123,142
27,68,76,112
28,41,148
68
59,97
43,57,93,104,108,140
1,66,85,117
8,136
97,123
19,117
61,64
18,32,84,92,109,130,131
4,18,32,44,84,108,109,125,130
28,98
114,132
107,120
72,75,114
119,121
45,46,52
46,118
2,111
48,85
56,125
104,125
123,142
63,93
42,144
11,37,48,78,85,89,99,135
8,61
96,146
66,85
3,56
63,77
79,148
8,140
28,63,79
37,48
62,97
29,41,51,62,65,97,120,136,145
21,55,130,148
56,111,117
25,73
81,119
27,45,69,96,138
7,32
79,117
25,114
71,117
6,62,65,70,80,133,145
1,29,41,51,62,65,97,107,122,133
17,33,112
39,41
55,104,132
63,136
45,69,96
6,8,30,97,123,141
51,84,107
63,130
20,57,125
131
12,57,77
39,40
2,61,147
8,23,61
48,58
93,114
25,47,55,104,132
115,140
6,30
36,45,53,110
20,27,45,53,112
48,95
67,121
15,57
1,4,17,18,20,43,44,57,92,93,108,109,113,116,125,130,137,144
5,47,55,87,114
70,83
36,110,138
119,131
17,112
123,136
47,132
26,117,143
2,40,72
108,132
1,142
68,69,96,138,146
71,86
40,95
4,44
1,41,65,97
28,107
37,117
51,128
23,77,140
6,62,65,70,71,97
17,44
46,55
63,85,140
23,57
58,85
4,32
6,65,70
6,112
9,28,51
66,85,117
4,18,44
52,140
5,55,87,114,132
65,84
70,145
83,132
8,23,61,63
37,88
45,69,138
2,72,80
68,138,146
96
108
38,105
39,59,70,80,95,101,112
52,102
1,2,41,58,66,72,78,85,117,129
59,70
20,23,63,116,125
37,85
25,55,104
110
43,61
3,61
5,55,87,132
25,78
87,132
11,85
34,131
13,126
65,112
99,133
13,53,69,138
27,46
21,61
73
1,20,23,61,63,116,125,140
36,46,138
20,27,69,138
14,32
82,119
60,129
27,68,138,146
39,59,70,80
1,120
17,110
1,133
40,75
41,142
41,133
56,102
97,142
29,145
115,118
3,115
17,68
71,136
76,138
39,80
65,120
11,41,117
113,121
2
23,61,63,76,77
57,77
8,85
2,80,95
23,129
1,4,20,44,57,116,125
27,138,146
2,8,12,41,61,85,136,148
3,93
45,138,146
17,53
136,142
77,108
60,94
63,117
18,113
27,33
27,45,53,68,112
139,141
15,108
30
132,147
27,36,45,46,53
5,90
1,29,41,51
33,73
2,41
65,97
50,78,79,85,99
129,140
5,55,114
104,108
20,33
23
5,55,87,114
36,56
72,79
51,130
45,53
54,55
57,118
65,145
29,41,51,59
40,91
46,52
56,118
12,43
43,140
51,63
11,48,85,99
117,128
40,147
138,146
143
54,83,117,136
114,137,143
45,53,138
22,119
8,12,61,63
25,90
27,45,69,96,110,138
23,38,63,93
20,68
6,8,39,49,59,70,95,107,112,141
1,20,57,116,125
37,48,85,89,99
27,110,138
20,44,57
1,29,122
20,116,125
57,140
37,85,135
47,61
48,85,89,99
6,65,70,97
2,99
41,65,97
63
70,103,128,143
132
8,23,63
15,108,132
43,104,108,132
20,33,112
1,29,41,51,62,65,71,107,122,133
7,60
84,130
4,18,84,92,109,130,131
20,44,125
12,23,43,57,61,63,116,140
62,120,128
12,23,43
5,87,114
23,43,63
1,2,8,63,85,93,117
61,115
58,61
4,44,108,125
5,47,55,87,114,132
119,144
41
12,57,63,118
45,96,138
22,42,67,82,119,121,131,144
103,117
137,139
62,120
1,63
6,65,111
47,55,114
25,104,132
36,69,138
4,18,84,130
27,138
52,77
55,132
23,52,77
2,3,7,8,12,21,23,24,38,41,46,52,59,61,63,64,65,76,77,80,85,91,95,97,98,101,102,107,120,127,130,136,140,142,145,147,148
4,92
5,47,55,114
73,86
11,37,48,58,78,89,99,135
1,62
57,64,118
63,85
4,41
41,120,145
13,53
56,115
3,132
27,68,69,96,138,146
1,97
33,36,45,46,76
1,41,51,61,63
36,45
42,131
12,77,118,132,142
69,86
17,20,45,112,116,125
54,55,132
1,29,41,51,107,133
1,2,11,41,74,78,85,111,117,129
4,20,116,125
