1,2
3,4,5,6,7,8,9
10,11,12,13,14
15,16,17,18,19,20,6,21,22,23,24,25,26,27,28
2,29,30,1
31,32,33,4,34,35,29,36,12,37,38,39,7,40,41,42,43,44,45,46,22,47,48,49,9,1,50,23,51,27,52,53,54,2,10,55,56,57,58,59,60,14
48,32,61,4,34,62,44,24,63,64,65,57,66,14
67,11,68,62,41,69,70,45,23,71,72,63,60,14
65,61,34,73,35,19,50,74,75
67,29,19,1,50,51,64
22,76,34,11,77,78,12,79,7,62,41,42,69,70,48,23,71,25,63,26,51,53,80,13,54,64,81,82,56,60,14
70,69,71,75
54,12
83,13
58,32,84,85,86,16,73,5,3,87,68,88,19,20,39,6,30,40,21,89,74,65,90,2,56,91,59,66
9,92
2,1
38,51
71,46
19,35
40,54
46,76,83
61,69,71,75
59,15,73,92,68,40,43,74,24,27,52,53,58,93
1,2
18,94
85,88
22,73,12,68,70,23,63,52,75,91,14
58,84,85,61,33,73,5,77,17,36,12,87,88,19,20,40,21,95,44,94,50,74,83,27,52,53,28,55,96,91,14,93
87,84,16,73,5,68,88,19,31,20,6,40,21,41,43,8,74,52,54,28,91,58,59
61,95
11,73,78,7,62,47,48,94,24,97,52,67,56,75,60,66,93
25,51
84,5,3,68,88,74,51,28,82
65,76,32,84,85,61,33,86,34,73,11,5,78,36,18,98,92,12,68,88,20,40,21,62,41,42,43,44,89,8,70,47,48,74,23,24,25,63,51,64,90,81,82,75,91,59,60,66,14,93
67,5,18,22,23,71,51,80,2,10
52,98,62,95,69,23,71,26,80
67,61,34,73,11,5,78,19,30,40,21,62,43,70,46,22,24,83,64,75,91,60,14
22,76,61,17,68,88,40,21,44,45,26,53,13,2,56,91,58,60,14,93
28,43
71,76,34,73,3,7,21,99,48,97,53,60
48,18,98,12,42,69,70,71,80,75,60
23,70,22,2
6,85,16,15,11,5,78,98,92,68,88,19,31,20,30,40,21,41,89,69,70,22,50,24,63,26,54,2,82,75,91,59,60,66
87,19,65
10,77
9,92
63,76,73,5,17,36,18,98,3,68,88,70,22,94,50,71,24,72,64,91
15,17
83,4,17,78,98,68,42,47,23,71,24,26,81,75
70,63
2,1
63,76,61,4,15,34,11,77,78,98,3,12,19,37,62,95,44,8,69,70,22,47,48,94,71,24,72,97,26,83,81,2,75,96,91,60,14
70,23,51,93
13,22,1,71
71,67
63,70
70,76,4,95,71,80,2,75
48,100,20,101,102,46,9,51,52
76,77,102,95,99,70,63,83,67
11,2
11,5,78,98,12,88,39,7,70,46,23,63,53,80,2,10
68,61,98,87,31,21,43,44,89,70,47,49,74,63,103,67,75,57,58
54,85,61,33,4,100,77,98,104,88,37,70,22,105,23,71,25,63,26,81,2,82,75,91,60
26,6
26,6
85,71,59
46,78,88,41,70,53,56,91,14
17,61,33,35,29,20,42,1,94,27,2,28
73,5,100,31,20,106,107,7,95,8,70,46,108,71,26,27,58,14
25,88,7
11,48
11,89,70,1,97,2
76,98,2
67,70
29,30,1,2
13,109
13,109
13,109
13,76,61,5,12,99,70,46,49,9,23,71,63,64,60,14
13,109
13,109
13,109
13,109
13,109
13,109
13,109
13,109
13,109
13,109
104,98
13,109
13,109
13,109
13,109
13,109
13,109
13,109
13,109
13,109
13,109
18,76,61,4,73,11,100,77,29,17,36,98,12,37,31,106,102,62,95,99,41,42,8,70,45,46,22,47,48,105,49,9,23,71,24,25,63,97,26,51,53,80,13,54,64,65,81,82,75,110,91,57,60,14,93
13,109
44,18,12,102,63,83
70,4,71,83
42,51
70,4,71,83
61,76,4,11,77,18,98,12,104,37,7,62,95,41,70,22,105,9,94,23,71,24,63,97,26,51,80,54,64,81,75,110,60,14
61,30
63,4,34,100,78,12,104,37,102,62,95,99,44,70,22,48,94,23,71,24,26,83,81,2,75,96,91,60,14
87,33,73,5,36,6,30,95,43,89,83,65,91,58,66
60,76
22,61,11,100,78,62,95,70,48,63,64,65,81,2,91,14
1,2
61,48
36,4,45
11,1,97,2
43,32,85,87,31,20,21,108,50,74,103,28
44,32,85,61,33,86,4,11,5,100,35,12,104,88,20,39,21,62,43,70,46,108,74,24,25,63,26,51,27,110,91,58,66,14
68,32,33,5,88,8,47,94,52,53,58
78,61,62,22,63,97,110,60
24,41,42,105,66
108,87,20
95,70
65,34,108,59
34,70
41,76,61,33,11,98,12,7,62,95,70,45,48,9,94,23,71,24,51,83,81,2,75,66
94,33
12,73,41,94
33,86,88,44,108,94
70,33,100,77,98,104,68,88,109,95,41,44,48,105,23,71,63,75
2,32,84,33,4,34,73,5,100,35,17,68,88,20,39,107,101,6,7,30,62,95,99,42,44,70,46,22,48,9,94,50,23,24,25,63,97,103,51,83,27,52,53,67,13,64,65,81,110,96,91,59,60,66
65,27,13,60
94,33
87,32,85,73,5,31,20,106,6,21,43,89,74,28,58,93
37,85,107,101,45,94,75
110,86,1,51
91,64
43,103
18,76,32,61,34,11,100,77,17,78,36,98,104,109,37,101,62,95,99,41,70,45,46,22,48,105,9,1,94,23,71,24,25,63,97,26,53,80,54,64,81,82,75,110,60,66,14
2,81
18,59
64,49
46,61,5,78,18,12,109,7,43,44,70,22,94,23,24,97,52,67,64,81,2,110,59,60,14
33,84,34,11,5,35,30,95,22,48,94,53,111,80,67,64,65,81,2,82,56,66
112,113
6,84,85,87,114,68,88,31,107,30,21,115,116,43,45,108,117,74,103,118,28,58,59,119,93
22,84,29,78,98,70,48,71,72,120,10,14,121
85,122
123,18
66,76,61,12,7,41,71,80
24,41
37,114,70,48,94,123,124,125,120,126,58,14
32,86,88,43,110,121
37,127
48,61,114,50,119
14,70,80
68,61,71,67
7,56
12,76,32,112,85,61,100,77,17,98,114,68,109,107,6,7,30,21,99,115,41,42,116,128,8,70,45,22,47,48,108,105,117,123,71,24,124,25,72,125,51,80,54,122,65,118,81,10,82,56,75,110,58,119,66,14,93,121
68,114,107,6,30,44,8,118,121
30,6,21,43,28,119
72,61,109,37,44,70,123,13,122,66
68,117
85,21,116,58,59
68,112,85,77,87,21,99,116,47,49,74,124,110,119,93,121
11,76,41,48,25
43,101,116,56
46,61,18,72,80,75
104,76,112,86,98,12,37,99,42,48,105,71,72,83,13,122,65,81,75,121
30,85,86,17,87,68,88,107,21,116,56,93,121
70,61,36,88,72
14,11,78,128,70
61,4,34,11,100,78,18,98,12,127,101,7,99,44,70,22,48,94,123,72,125,51,122,120,81,56,14,121
98,61,11,18,12,104,37,70,22,48,67,120
42,88
70,78,12,7,102,99,41,42,22,105,123,24,125,67,122,120
18,12,88,107,7,41,116,108,74,71,52,118,119
101,32,112,61,4,100,127,37,106,30,128,43,44,117,72,54,122,81,10,75,59
45,7,46,9,123,56
87,36,114,68,88,109,107,21,99,115,116,43,67,14,93
68,32,85,35,107,30,115,116,108,117,59,119
18,112,61,34,11,29,17,78,36,127,114,88,109,106,99,41,128,46,22,108,117,94,124,25,72,103,125,83,52,80,67,13,64,122,65,120,118,81,75,110,58,14
78,128,22,10,110
71,45
78,112,61,4,34,18,127,88,109,102,99,42,128,22,117,94,123,71,72,125,80,67,64,122,81,110,14,121
68,85,11,129,36,109,106,107,115,42,116,128,43,8,45,22,108,117,123,74,24,125,80,122,65,118,82,56,110,58,121
94,76,112,61,11,78,107,101,128,113,45,22,117,71,24,72,125,80,13,122,82,56,75,110,66,14
80,78
29,84
84,128
74,84,85,86,34,17,36,18,98,114,68,88,109,37,107,6,7,30,21,99,115,41,130,116,128,43,44,8,108,24,124,27,52,54,65,118,81,28,56,110,57,58,59,119,93
4,59
80,61,78,98,68,105,94,110
59,12,7
85,84,86,36,87,127,114,68,88,107,6,30,21,115,116,43,108,117,74,27,54,65,118,81,28,56,110,58,59,119,93,121
6,61,114,14
29,84,85,61,86,11,78,129,98,12,127,114,68,88,109,107,6,30,115,116,128,45,46,22,117,74,24,124,72,125,83,52,111,67,64,65,120,81,10,110,58,59,119,14
35,84
128,131,6,43,132,45,133,134,27,135,58
122,136,84,137,61,86,4,34,138,139,140,100,77,29,17,36,141,142,12,104,127,114,68,88,131,109,37,143,106,107,101,115,144,128,43,8,132,45,46,22,133,47,145,48,108,105,134,117,9,94,74,71,124,72,146,103,125,83,27,52,80,67,147,148,54,65,120,126,118,81,135,82,55,149,110,57,58,59,119,150,14
35,144
46,118,56
13,107
127,129,142,109,37,128,44,146,125,83,54,120,151,14
101,139,35,17,142,12,68,6,41,144,108,105,72,13,64,58
151,137,140,68,109,128,47,48,94,71,124,80,67,54
80,137,61,138,139,129,142,12,68,109,116,22,105,134,71,72,81,82,110,14
29,84
110,107,117
58,88,6
125,139,140,18,116,43,22,80,120,151
128,136,138,139,36,141,142,127,107,101,115,41,116,144,43,44,132,134,117,94,146,125,67,147,54,122,81,110,58,119,150,14,93,121
29,84
121,86,74,124,147
35,139,17,142,12,68,101,6,41,144,108,105,13,64,58
151,12,41,48,134,14
133,137,138,77,144,124,27,135
14,34,140,17,129,142,12,131,109,41,116,144,8,105,134,103,80,122,65,120,118,135,82,149,58,151,150
9,137,61,17,12,46,48,105,83,52,80,67,66,14
68,61,127,114,88,101,43,44,132,74,118,56,119
94,61,140,77,114,131,107,102,41,128,22,133,48,134,123,71,80,13,64,122,82,56,75,110,151,14
6,84,138,114,68,88,107,115,43,132,108,117,74,103,13,65,118,81,58,59,119,93
94,84,61,29,22,120
67,71,80
81,17,127,114,143,107,6,115,116,128,132,108,117,118,56,58,119,93
68,128,132,94,82,110,59,93
12,138,77
102,44,56
61,101,48
125,84,140,68,41,45,46,48,123,71
128,136,137,61,139,18,142,114,6,41,116,132,45,133,134,124,72,118,56,110,58,14
128,61,88,131,101,8,22,117,72,54,81,149,58
128,141,107,6,43,132,117,118,58,59,119
132,6,43,74,58
132,136,6,43,74,58
132,6,43,74,58
43,7
9,46
14,61,4,138,139,140,36,18,141,142,114,68,109,106,116,46,22,133,145,134,117,123,74,124,72,80,67,64,120,110,59,151,121
84,107,101,72,93
88,129,114,67,14
48,137,127,68,71
133,136,61,138,139,36,141,12,127,114,107,6,115,41,116,144,128,43,132,134,117,74,103,125,27,118,135,149,119,121
133,136,61,138,139,36,141,12,127,114,107,6,115,41,144,128,43,132,134,117,74,103,125,27,118,135,149,119,121
61,35,114,68,6,102,116,128,105,117,120,118,14
80,18,22,67
129,84,139,142,104,88,131,7,128,105,134,124,83,80,147,54,135,82,151,119
83,61,100,35,18,104,109,37,102,128,8,48,71,124,125,52,147,148,54,64,122,65,120,126,82,119
144,29
81,86,17,127,114,115,116,128,132,117,118,135,58,119
18,84,34,101,116,43,22,117,71,51,80,67,120,110,121
134,137,18,127,101,116,22,117,71,126
68,137,61,4,138,139,77,131,102,116,128,44,22,145,123,71,125,67,54,64,120,82,110,66,14
110,67
139,138,140,68,131,115,41,71,125,147,122,65,135
71,17,142,127,131,115,116,44,132,22,27,118,58,119
105,136,142,114,131,109,115,132,48,134,74,124,122,119
68,6,43,132,74,135,58
18,77,129,109,106,41,134,71,124
29,84,80
43,138
116,151
6,61,114,68,41,128,132,133,117,110,119,14,121
129,136,84,61,4,138,139,100,18,141,142,127,114,68,88,131,109,37,106,107,101,6,7,102,115,41,116,128,43,132,133,145,108,105,134,117,94,74,71,124,72,103,83,27,67,147,148,54,122,65,118,81,135,82,56,149,110,57,58,59,151,119,150,66,14,93,121
125,147
8,77,143,106,47,54,55,57
80,143,22,67
41,152,136,137,4,139,100,129,142,153,68,131,106,154,116,128,8,45,46,133,145,155,105,134,123,124,67,147,148,122,65,120,156,58,14,121
128,139,29,157,158,153,131,106,107,101,115,144,43,44,8,134,117,94,72,125,67,159,54,122,120,156,58,59
158,160,115,41,43,132,161
44,77
162,34,140,128,48,125,120,156,151
162,34,140,128,48,125,80,120
136,160,107,163,43,155,164,165,58
66,125
151,12,157,162,45,145,48,134,125,120
165,77,157,114,144,44,74,124,148,118
12,4,140,100,17,36,114,158,106,107,101,115,163,116,144,44,45,47,145,155,108,125,161,122,118
125,137,140,166,29,129,12,157,114,88,106,107,41,43,8,46,47,145,134,49,117,94,122,120,82,55,56,151
68,84,29,74,80,67,58
44,82
65,167,152,136,139,35,129,141,142,157,127,158,131,160,107,6,154,168,115,163,116,128,43,132,133,145,155,108,117,164,74,124,169,161,27,52,67,147,13,159,170,118,135,156,56,165,58,59,119,150,121
68,152,137,4,34,138,139,140,100,77,17,129,36,12,157,127,114,153,162,37,106,101,154,168,102,41,128,44,8,45,46,133,47,48,105,134,124,72,146,125,27,80,67,147,148,54,122,65,120,126,156,82,55,151,66,121
67,167,139,77,114,153,168,43,44,8,133,117,94,27,80,147,159,120,126
102,34,17
126,137,168,133,147
151,167,152,136,84,137,4,34,138,139,140,166,100,77,35,29,17,129,36,141,142,12,157,127,114,158,153,162,68,88,131,37,160,143,106,107,101,6,154,168,102,115,163,116,144,128,43,44,8,132,45,46,133,47,145,155,48,108,105,134,49,117,123,164,74,124,72,146,125,169,161,27,52,80,67,147,13,148,159,54,122,65,170,120,126,118,135,156,82,55,56,165,58,59,119,150,66,121
29,137,4,34,138,140,100,77,17,36,12,114,153,162,37,143,106,101,102,144,44,8,45,46,47,48,105,134,123,124,72,146,125,80,148,54,122,120,126,55,151
88,137,36,114,154,133,169,118,56
118,27
116,34,139,140,166,100,142,12,157,114,88,131,106,101,44,132,45,133,145,155,48,108,105,134,49,117,164,74,124,169,80,67,122,170,120,126,156,55,58,151,119,121
12,137,17,129,36,114,162,128,45,48,134,123,72,146,125,148,54,122,120,126
108,167,152,136,4,138,139,17,36,141,142,157,127,114,158,68,88,160,107,6,168,115,163,116,144,43,44,8,132,133,47,155,49,117,164,74,124,169,161,27,147,148,159,54,65,170,126,118,56,165,58,59,119,150,121
43,141,8,121
135,88
128,84,100,36,142,127,37,160,106,101,44,155,48,134,146,125,80,148,54,120,126,156,151,14
164,167,152,136,137,138,139,100,77,157,114,158,153,68,88,131,160,143,107,6,168,102,115,41,163,116,43,45,133,155,108,74,124,169,161,67,147,148,159,65,170,126,118,135,156,165,58,59,150,66,121
94,153,162,128,72,13,151
6,114,68,41,128,132,133,155,117,72,125,120,165,14,121
58,107,116,43,125
115,36,157,68,37,41,45,117,54,58,66
101,139,12,162,94,80,67,147,156,121
27,164
44,137,34,17,36,142,12,157,162,154,102,116,45,46,48,105,134,94,72,146,125,80,122,65,58,151,66,14
68,41,125,54,82
35,150
94,4,44,72,125,150
147,167,152,136,138,139,100,77,35,29,17,141,157,114,88,37,160,143,107,6,168,115,144,43,44,8,132,45,133,47,155,108,123,74,124,161,148,54,126,118,135,165,59,119,121
52,152,137,4,34,139,140,77,17,36,142,12,157,127,114,153,162,131,37,106,154,102,115,163,144,128,45,46,133,155,48,134,123,72,146,125,80,147,13,148,122,65,120,126,135,156,151,66,14,121
94,142
52,152,137,4,34,139,140,77,17,36,142,12,157,127,114,153,162,131,37,106,154,102,115,163,144,128,45,46,133,155,48,134,123,72,146,125,80,147,13,148,122,65,120,126,135,156,151,66,14,121
135,12
84,4,34,139,29,106,155,48,134,123,80,67,120,126,59
68,167,137,4,139,77,141,12,131,115,41,116,128,44,145,117,123,124,125,80,67,54,120,82,58,151,14
126,158,106,144,8
168,29,142,157,114,158,160,102,44,132,134,74,161,165,58
134,167,152,137,4,138,139,166,100,77,35,29,17,142,114,158,153,162,37,160,143,106,107,101,154,168,102,115,163,116,144,43,44,8,132,46,133,47,155,105,74,124,146,161,27,67,147,13,148,159,54,122,65,170,120,126,55,165,58,119,150,14,121
151,136,137,138,139,140,77,142,157,127,114,153,162,88,131,37,160,143,154,168,102,116,128,44,134,117,125,80,67,147,13,122,170,120,156,165,14,121
41,100,125,66
169,56
117,139,140,36,142,12,157,114,68,37,143,107,154,116,128,44,45,46,145,155,134,72,125,67,120,156,151,14,121
14,140,12,153,162,144,8,45,105,125,122,120,151
107,167,152,140,100,77,35,17,36,141,142,157,68,131,143,106,168,115,163,144,44,8,132,45,133,47,155,108,105,117,164,146,169,161,27,67,147,13,54,65,120,118,82,56,165,58,59,151,119,150
139,84,157,131,116,43,145,117,125,80,67,147
43,8
151,139,162,46,133,125,67,122
102,137,34,140,100,77,12,157,114,153,131,37,143,101,154,46,48,105,134,125,80,67,13,122,120,118,151,66,14
41,43
147,167,152,136,137,138,139,100,77,35,29,17,141,157,114,37,160,143,107,6,168,115,144,43,44,8,45,133,47,155,123,164,74,124,161,148,54,126,118,135,165,58,59,119,150,121
164,129,132,48
115,4,139,140,129,36,142,12,157,127,153,131,37,143,101,154,168,163,128,44,46,155,48,134,117,164,124,72,146,125,52,67,147,54,122,120,126,156,58,66,14
65,163,144,128,134,122,120,126,156,66,14
125,137,138,139,140,77,35,29,17,36,142,157,127,114,153,131,37,160,143,106,168,102,115,163,128,44,45,46,47,48,134,49,117,94,164,124,72,146,169,161,52,147,13,148,159,122,120,126,156,151,150,66,121
151,139,36,12,114,131,168,116,128,44,134,72,80,67,13,122,65,120,121
36,138,100,114,143,144,47,27,148,126
126,137,138,29,17,114,37,143,106,154,144,8,134,123,124,146,27,148,54,120
159,168,117
107,84,137,100,29,17,129,36,142,12,157,153,162,68,88,37,143,106,154,115,163,144,128,8,134,117,123,74,124,146,169,67,13,148,54,122,170,120,126,118,59
128,137,138,139,17,129,12,157,114,158,131,143,154,116,44,8,46,48,134,117,74,124,72,125,169,80,147,13,170,120,126
147,167,77,121
134,136,138,139,36,142,157,127,153,160,143,107,168,41,116,144,128,44,45,133,155,117,74,125,161,67,13,148,122,65,120,126,151
151,139,48,147
94,34,140,131,101,48,105,134,123,72,125,13,122,82,151,66
13,107
143,138,8
156,12,128,164
163,167,152,4,138,77,129,141,157,153,131,107,128,134,49,117,164,146,125,27,80,148,159,54,55,56,165,58,121
137,56,121
116,101,67
151,140,100,142,12,157,162,37,128,48,105,134,72,125,80,122
65,101,27
101,34,140,29,17,114,143,144,46,48,105,117,94,124,125,122,120,126,151,121
88,152,136,84,4,139,17,129,36,157,127,131,160,143,107,154,168,115,41,116,128,43,44,132,133,47,145,155,108,117,164,74,72,169,161,27,67,147,13,148,159,65,170,118,135,82,56,165,58,59,119,150,121
163,167,4,100,36,141,157,114,158,153,131,107,115,116,144,132,155,164,125,159,118,165
128,167,4,77,157,68,131,101,48,134,54,122,118,82,165,151
68,136,139,142,157,131,154,168,133,134,117,94,125
156,131,8,146,169,52,67,165
101,100,102,134,146,67,156
105,12,102,48,125,82
67,139,101,116,145,117,80
162,34,140,101,48,134,125,120,156,151
146,4,141,142,12,114,68,171,6,154,102,144,133,47,145,48,49,55,172,173
157,136,139,140,77,114,153,162,68,131,160,143,101,168,102,115,128,43,132,133,155,174,117,164,74,72,125,169,161,147,13,159,122,65,120,165,58,172,151,173
135,12
100,34,175,77,129,12,127,131,106,101,102,128,45,145,48,105,134,94,123,146,80,13,122,120,82,151
84,29
56,169
44,138,100,141,162,143,106,144,8,45,47,48,174,49,123,27,67,122,126,135,55,56,58,172,66,121
146,152,4,34,175,139,140,100,29,36,142,12,157,114,153,68,88,37,143,101,168,102,41,176,144,128,44,8,45,46,145,48,174,105,134,117,72,125,161,52,80,67,147,13,159,122,120,126,156,151
68,84,137,34,175,139,77,129,12,114,153,88,131,154,102,41,145,155,48,105,94,146,125,169,161,27,52,156,151,121
94,139,131,115,128,45,145,105,147,13,122,120
151,175,29,12,162,125,67,159
140,34,100,129,127,88,143,101,145,174,67,148,122,170,126,66
162,175,12,101,43,174,124,125,80
174,175,140,129,12,157,127,153,106,154,168,128,105,94,125,122,65,59,151,173
168,4,77,142,157,160,107,102,115,176,43,133,155,174,134,72,161,147,13,159,65,120,58,151
80,4,140,129,36,141,142,153,162,143,107,101,102,174,117,146,169,161,67,147,159,122,120,121
163,167,77,129,158,153,162,68,101,154,8,108,117,159,65,82,151
139,4,175,140,36,88,143,168,102,163,44,133,174,134,72,125,67,147,13,120,121
94,84,29,106
131,41
128,152,139,140,100,77,129,36,141,142,158,153,68,88,101,168,115,163,44,45,123,125,52,67,147,148,159,120,151,150,173
80,12,41,123,67,13,120,82
137,124
151,67
123,107,154,144,44,45,52,67,122
125,102,72,122
143,138,106,8,133,147,148
157,167,139,160,161
146,142
163,129,157,158,155,117,58
8,106
52,175,140,77,129,142,12,162,171,101,102,163,128,44,45,48,134,94,123,72,27,67,122,82,66
52,44,49
65,34,140,151
117,175,140,129,141,12,127,114,68,88,131,101,41,163,43,44,46,47,134,123,125,67,159,55,58,59,173,121
66,100
48,12,162
114,137
137,52
154,137,141,128
107,167,152,136,4,138,139,36,141,142,157,127,114,158,68,88,160,6,168,115,163,176,144,43,44,8,132,133,47,155,108,49,117,164,74,124,169,161,27,147,148,159,54,65,170,126,56,165,58,59,172,119,150,121
164,171
123,80
157,163,45,169
128,122
67,100,142,153,68,160,143,101,128,48,117,169,80,120,121
12,114,158,8,123,146,169,54,135
142,140,114,101,128,44,8,105,134,123,72,146,125,52,80,67,13,122,156,82,151,66
68,136,139,100,12,114,153,88,131,107,154,115,41,163,43,44,132,45,133,48,105,134,117,94,164,161,67,13,148,159,54,82,56,66
136,158
163,167,152,4,138,139,100,129,12,157,114,153,88,131,101,144,43,44,134,117,123,164,124,125,169,80,148,55,56,58,119
107,13
6,4,34,129,142,131,107,8,45,46,105,117,125,65,119
44,36,41,146,67
137,4,175,140,29,36,143,101,47,48,174,134,123,124,72,146,125,148,54,120
156,140,77,127,68,107,115,41,128,43,145,48,174,117,94,52,67,148,151
37,127
150,129,162,94,164,80,170,120,58,172,151
132,136,68,160,143,115,133,80,147,170,165
80,12,102,48
134,137,4,138,100,77,36,157,114,160,106,101,168,102,163,128,43,44,8,45,174,105,123,125,54,120,126,55,173,121
80,67
133,34,144,44,67
134,167,136,168,155,169,56,172
126,167,152,137,139,77,36,157,153,131,101,154,128,44,8,117,72,148,54,120
131,152,139,140,100,68,154,115,128,44,48,27,67,54,65,82,56,165,150,66
159,43,117
151,139,140,77,12,158,153,162,101,145,48,174,134,117,123,72,125,80,67,159,65,120,156
133,167,139,100,127,160,143,168,43,145,117,161,67,147,159,165
128,67,148
66,27
139,167,152,137,4,34,138,140,100,77,29,129,142,12,157,127,114,153,68,37,106,101,154,102,41,128,44,8,45,46,133,47,145,48,105,134,123,124,72,146,125,27,80,67,147,148,54,122,170,120,126,156,82,58,151,121
162,4,34,175,140,100,77,36,142,12,153,37,44,45,48,174,134,94,124,72,80,148,54,122,120,126,151,66
36,167,137,34,175,140,100,77,29,12,114,153,162,68,88,37,143,106,102,144,44,8,46,47,48,174,105,49,123,124,72,125,27,80,13,148,54,122,120,126,55,121
164,152,77,29,129,141,142,157,114,153,37,160,163,144,8,132,133,48,123,124,72,146,169,27,80,67,147,54,120,156,58,172,151,150
134,152,138,141,12,114,44,8,124,27,122,173,121
101,139,12,68,128,145,48,94,125,80,67,120,151
154,167,142,127,37,8,146,147,120,55,172,150
67,144,133,145,169
6,114,94
44,152,136,4,34,175,139,140,100,77,36,142,12,114,153,162,68,88,131,37,143,107,101,6,168,102,115,41,128,43,8,132,45,133,174,108,105,134,117,123,74,124,72,125,161,80,67,147,13,159,54,122,120,135,55,56,165,58,172,119,150,121
48,12,162,101,102,134,125,80,122,120,151
125,34,140,142,12,162,88,37,101,102,44,48,72,120,151
151,167,152,136,137,4,34,175,139,140,100,29,36,141,142,12,157,127,114,158,153,162,68,131,37,160,143,106,107,101,168,102,115,176,144,128,44,8,132,45,133,145,155,48,174,108,105,134,117,164,74,124,125,169,161,80,67,147,13,148,159,54,122,65,170,120,126,135,156,55,165,59,119,150,173,121
105,167,139,100,142,158,106,107,101,6,144,43,132,45,133,47,134,164,74,161,147,148,54,55,165,58,150
162,48,80,67
154,144,56
156,152,137,4,34,175,138,139,140,100,77,29,36,142,12,153,162,131,37,171,143,106,101,154,102,128,44,8,45,47,145,48,174,105,134,94,123,124,72,146,125,27,52,80,67,13,148,54,122,120,126,82,151,66
128,137,77,29,158,106,107,144,43,8,94,124,72,54,120,126,156,150,173
68,136,4,139,100,142,157,162,88,131,143,101,154,102,41,128,43,44,155,174,105,134,117,164,125,80,67,147,13,122,120,58
159,138,139,140,153,37,106,168,128,155,174,117,72,67,13,122,65,120,156,150
169,101,80,67
171,152,139,77,129,131,41,125,52,80,67
131,138,168,133,146,125,148
80,136,4,175,139,100,36,142,162,68,101,102,128,8,45,174,134,164,124,72,146,67,159,54,120,126,156,165,151
128,167,152,136,4,175,138,139,140,100,77,142,12,157,127,114,158,153,162,68,88,131,37,160,171,143,101,154,115,41,44,8,132,45,145,48,108,105,134,117,74,124,72,146,125,169,80,67,147,13,148,159,122,120,126,135,156,82,56,165,58,59,172,151,173,121
137,167,138,139,100,127,143,168,163,144,44,145,74,124,161,147,148,122,55,165,59,119,173
36,152,34,138,139,140,142,157,114,158,153,68,163,44,133,49,125,27,147,65,135,55,165,58
36,152,34,138,139,140,142,157,114,158,153,68,163,44,133,49,125,27,147,65,135,55,165,58
162,34,48,125,120,151
125,156
114,136,12,153,162,144,44,124,122,173
34,137,4,175,100,77,29,12,114,153,37,143,106,102,8,45,47,48,174,105,134,49,123,124,72,80,13,54,122,120,126,151
174,139,127,68,80,67
125,140,12,157,174,67,156
162,152,44,105,125,80,120
36,137,4,34,175,138,100,77,29,153,37,143,106,8,45,47,48,174,105,134,49,123,72,146,80,13,148,54,122,55,121
131,45,145
159,140,157,174,125
8,167,152,137,4,138,77,141,153,143,43,105,124,126,121
48,12
177,12,162,178,44,48,80,122,120,179
102,140,94,146,13
58,48,56
180,167,4,139,100,141,157,114,158,162,107,115,163,176,43,145,74,169,161,27,159,181,170,179,156,55,56,165,58,172,173,121
156,167,152,137,4,34,175,140,100,77,129,141,142,12,157,114,158,153,162,37,143,106,101,182,154,168,178,163,176,144,128,45,48,177,174,108,105,134,49,94,123,183,72,146,125,27,52,80,148,122,120,126,121
134,167,140,129,12,162,101,182,168,178,41,128,48,177,123,80,122,181,179
100,167,152,137,139,77,129,36,141,142,12,114,68,88,171,154,44,45,177,174,134,94,123,27,80,148,122,181,179,82,58
48,175,12,182,178,177,105,134,122,120
12,121
100,152,34,175,77,129,12,162,37,106,154,102,41,128,45,48,177,105,94,80,13,148,122,181,179,156
68,43,121
172,139,141,143,182,115,145,117,164,169,159,119
155,152,140,100,12,114,68,131,143,182,168,115,41,45,145,134,125,161,122,170,179
179,139,182,115,48,177,146,161,147
145,167,138,131,143,155,183,161,58,121
48,12,102,80
161,136,100,168,115,49,135,58
137,152,136,4,143,182,74,124,148,135,165,121
128,167,152,137,4,138,129,157,127,114,153,162,88,131,107,6,182,180,102,115,41,176,43,45,155,48,177,108,134,123,74,146,125,122,170,135,156,56,172,66,173
163,155,174,164,80
128,107
68,29,117,80
43,167,152,138,139,141,127,153,68,143,182,180,178,155,164,161,147,122,165,58,173,121
131,139,124
44,140,184,100,36,158,37,107,182,180,115,41,45,47,145,48,177,108,134,94,123,27,80,147,120,179,55,56,58,121
102,4,175,138,139,140,142,157,114,162,143,182,168,115,176,44,177,174,105,94,146,125,161,80,147,122,120,179,172
131,4,138,140,142,37,115,176,44,105,183,169,27,65,156
107,101
173,158,107,6,115,159,119
168,4,114,171,176,44,117,161,27,52,179
44,138,100,143,144,49,123,27,122,181,135,56,121
68,167,152,136,137,4,138,139,100,77,141,127,114,158,153,88,131,37,160,171,143,106,107,6,182,154,180,168,115,41,163,176,144,43,44,47,145,155,108,105,134,49,117,164,74,183,124,161,27,52,147,148,159,122,65,126,179,135,165,58,172,119,173,121
125,34,138,140,129,12,114,153,162,131,143,44,48,177,174,134,164,13,159,120,179,55
43,138,139,29,36,141,142,157,158,68,88,160,171,154,168,178,115,41,163,176,128,132,177,105,164,74,124,125,148,159,170,179,156,58,172,119,150,173
114,157
65,37,56
114,169,80
56,167,152,175,100,77,129,36,141,142,12,68,143,106,101,6,182,115,163,132,45,174,105,117,123,164,169,80,147,148,65,170,179,82,165,58,172,119,150,66,121
167,152,143,145,147
12,34,140,77,142,157,162,168,176,128,105,146,125,80,126,82,165,172,119,150
165,167,138,127,158,153,180,168,115,176,108,74,161,135,56,58,121
134,102,48,13,120,179
127,167,152,137,34,175,138,77,29,36,142,153,162,37,143,106,107,101,168,144,128,44,145,155,48,174,134,72,146,147,13,159,122,181,120,179,156,58,150
29,34,132,45,124,80,13,126
179,136,139,12,157,153,131,171,182,168,178,102,115,163,45,145,48,177,174,134,164,146,125,169,27,148,126,173,121
157,4,138,139,140,100,36,142,12,114,153,162,68,88,143,101,182,154,168,115,163,176,128,43,132,45,177,174,105,134,117,164,74,72,146,125,161,80,13,148,159,122,120,179,156,165,172,150,66,173
179,140,131,168,145,177,105,134,117,120
12,140,100,47,123,125,179
159,114,158,168,115,163,176,174,108,82,58,172,66
114,88,180,163,173
157,125
115,12
179,152,77,158,153,162,131,182,168,115,41,144,44,132,45,48,177,108,105,134,146,125,80,13,148,122,120,55
114,157,153,106,168,115,47,161,159,120,58
157,138,140,12,114,182,115,128,174,105,125,150
128,167,100,77,129,142,12,153,68,131,143,101,182,154,102,163,176,132,45,177,174,123,183,124,148,122,179,156,82,172,150,173
128,167,100,77,129,142,12,153,68,131,143,101,182,154,102,163,176,132,45,177,174,123,183,124,148,122,179,156,82,172,150,173
177,138,163,47,48,134,123,124,125,122,120,179,82
134,142
124,137,77,168,121
58,29,68,41,145,179,55
150,29
114,162,124,122,165,121
157,168
12,167,152,175,138,139,140,100,77,129,36,141,114,158,162,88,106,107,101,182,180,163,144,128,44,48,177,174,105,123,164,146,169,161,80,147,148,181,120,126,179,156,82,55,56,165,58,172,150,173,121
157,167,139,158,160,182,43,74,147,165
115,137,12,114,131,106,182,154,128,45,48,177,174,134,123,124,125,147,148,120,55
137,141,171,182,154,41,128,164,74,55,165,58
164,167,100,129,141,114,144,48,123,72,169,27,147,120,156,58,172,150
100,138,129,127,106,154,178,102,128,45,177,105,134,94,13,122,120,179
162,34,12,48,174,125
162,12,48,174,125,80
12,152,4,140,129,36,141,162,68,88,131,37,182,41,44,45,48,177,134,117,72,27,122,120,126,156,82,56,66
179,41
131,105
80,139,127,68,174
162,12,48,125,80,179
13,152,175,12,182,41,47,48,177,105,134,179
124,137
162,178,105,94,80,179
125,34,175,140,12,157,127,153,162,131,128,44,48,177,174,120,179,156
141,55
137,152,136,138,139,100,162,154,168,128,44,134,123,146,122,126,66
12,48,72
74,167,152,138,77,158,43,58,121
157,167,136,138,142,158,107,168,115,163,176,132,161,147,159,156,165,58,173
152,167,136,175,138,139,140,100,77,36,142,158,162,88,131,160,143,106,101,180,168,41,144,44,132,45,155,48,177,174,134,49,117,94,123,164,74,146,169,27,147,65,120,179,156,165,58,172,150,66,173,121
128,152,4,140,77,36,141,12,158,153,162,68,88,37,101,6,182,154,168,178,163,47,117,124,72,27,52,80,147,13,148,159,181,65,120,179,58,119,150,173,121
102,129,117,80,121
101,152,139,68,131,155,134,117,123,72,159,58
159,106
139,120
153,167,141,12,157,114,88,131,132,169,122,179,58,66
68,29
170,154,105,72,179
168,138
13,152,29,114,101,128,47,177,161,147,122,181,120,126
172,152,138,77,142,114,68,41,44,117,74
101,140,129,131,102,48,177,94,123,181,120
127,140,129,142,162,37,106,154,128,44,48,174,125,80,122,181,120,126
101,106,155,134,72,135
177,157,43,132,155,74,146,122,165,119
167,168
159,143
48,138,29,68,115,117,80,135,173
131,152,139,140,142,127,68,88,143,106,178,41,128,44,145,177,117,169,147,179,172,173
127,137,175,139,140,100,77,129,36,114,162,68,88,131,37,171,143,168,115,163,144,44,47,145,177,174,108,117,124,72,146,169,27,52,122,179,56,165,58,172,150,66,173,121
12,48
66,167,152,4,138,139,140,100,77,29,129,36,141,142,12,114,162,68,131,37,143,106,107,154,168,115,41,163,44,45,145,155,48,177,174,105,134,117,94,123,164,124,72,146,125,161,27,80,148,159,122,181,65,120,126,179,82,55,56,58,172,150,173,121
179,138,139,140,100,129,131,44,48,177,134,80,13,159,122,119
179,168,41
102,152,138,140,142,157,162,101,128,44,48,174,117,164,169,161,80,147,13,159,122,181,179,58,173,121
41,12,178,48,177,123,125,80,179
140,152,175,100,129,12,127,114,162,131,106,6,154,41,128,44,45,145,155,174,105,123,125,13,122,181,120,179,156,82,150
168,137,34,145,164,124
6,27
179,175,100,44,48,94,123,80,122
157,167,152,12,158,153,162,178,163,176,144,44,47,177,164,169,161
132,170
179,100,114,182,168,41,47,123,80,122,82
117,138,29,68,180,43,80
128,4,140,77,129,36,12,153,162,68,88,131,101,168,115,163,47,177,174,123,146,125,52,148,122,120,179,150,173,121
174,100,12,182,128,45,145,177,72,13
80,45
158,161,165
72,167,114,106,107,101,128,44,155,123,125,52,13,120,58,121
137,4,175,100,77,129,162,131,102,132,177,174,105,146,125,80,82
135,12
162,56
185,47
127,186,80,120
114,187,136,4,186,138,139,77,29,129,141,188,157,127,189,162,131,106,182,190,168,115,176,144,128,132,45,191,48,177,117,123,192,74,183,72,169,161,27,80,147,159,193,122,181,65,194,179,156,82,165,58,172,119,173,195
106,29,68,56
174,187,77,157,162,196,182,132,48,177,124,72,197,125,120,126,179,66
48,29,157,162,131,190,43,177,117,169,80,135
192,187,139,141,12,162,145,48,177,146,169,147,122,179,135,150,195
179,139,140,12,131,182,41,44,48,105,146,125,27,122
58,157,162,43
137,175,138,77,141,188,114,107,176,47,117,124,169,161,147,13,148,193,198,194,179,55,119
162,128,48,197
36,175,77,141,190,134,192,74,170,194
36,190
162,187,139,140,77,129,189,153,68,88,171,143,101,182,115,128,45,191,145,48,177,174,134,117,192,124,146,125,169,80,147,159,120,179,135,156,82,173,195
178,187,4,186,138,139,100,36,141,188,12,157,127,189,114,162,68,131,106,190,115,144,44,45,47,155,48,177,174,123,192,74,72,197,146,125,169,27,52,80,147,122,65,194,179,135,82,55,56,58,172,150,66,173
41,48,169,147,135
190,140,36,157,114,131,174
185,47
56,169
173,187,4,175,186,138,139,100,129,141,142,188,157,114,153,162,68,131,171,143,106,196,101,180,168,115,176,144,43,132,47,191,145,155,134,192,183,161,27,80,147,148,193,122,65,198,126,194,179,82,55,58,172,150
80,12,43,169
177,187,114,162,128,45,47,134,123,125,122,181,120,82
115,187,77,12,68,182,144,117,173
179,187,77,12,153,162,131,182,178,48,177,192,146,122
12,114,192
143,186,77,189,68,131,168,178,191,117,147
165,43,58
125,12,43,48,169,80
114,178,177,105,134,197,122,65,156,195
48,157,131,190,128,177,105,192,198,66
139,34,186,138,140,100,129,157,114,68,131,182,45,48,177,174,105,134,117,123,183,72,146,125,161,80,147,193,122,120,179,156,172,66
80,43
146,139,129,68,43,155,177,80,179
190,138,140,36,12,157,114,153,131,196,178,145,48,177,117,192,125,198,179
190,138,140,36,12,157,114,153,131,196,145,48,177,117,192,125,198,179
144,175,77,29,141,142,188,157,153,143,106,107,190,168,178,115,176,43,44,191,145,177,105,134,117,183,124,169,161,147,159,65,198,126,194,179,135,156,55,56,165,58,172,119,150,66,121
139,132,134
153,68,196
117,138,12,43,169,80
4,52
140,145,117,181
159,157,143,161
185,56
185,77,142,189,106,182,144,47,174,124,72,197,146,80,148,181,120,126,194,179,172
100,66
58,134,72
12,162,105,197,120
56,106
195,187,137,140,100,129,142,188,12,189,162,131,182,178,128,48,134,197,146,193,122,82
147,121
182,137,100,77,188,153,131,143,190,168,128,44,45,155,134,123,124,197,125,80,147,148,122,181,120,126,194
127,137,4,186,138,139,185,77,188,189,153,131,143,196,168,144,128,44,47,191,145,105,134,117,183,161,27,147,148,159,65,198,194,58,150,121
48,140,114,197,66
12,187,34,175,140,100,77,129,36,157,127,114,68,131,143,196,107,182,168,115,176,44,45,47,145,155,177,174,134,117,123,74,124,72,197,146,125,169,27,80,148,193,122,198,120,179,135,156,82,55,56,172,150,66,173,195
198,187,175,142,114,162,131,171,143,43,45,145,177,105,117,123,183,197,146,169,161,80,120,172,195
159,68,155
162,187,175,140,100,36,68,88,190,48,117,123,197,125,27,80,148,122,181,198,179,82,58,66
131,139,141,188,153,168,191,105,134,117
128,187,136,141,157,114,153,162,171,107,190,155,105,122,198,120,55
114,187,4,34,175,186,138,139,140,141,142,157,127,189,153,162,131,171,143,101,182,190,168,115,176,144,44,45,177,174,105,134,117,123,192,72,197,125,169,161,80,193,122,120,126,179,82,56,165,172,66,173
125,80
137,77,188,45,105,146,193
147,139,140,114,131,190,191,134,117,197,125,169,161,179
168,36,141,114,162,68,131,171,143,115,132,145,48,105,134,123,122,198,179,82,56,165,173,195
114,187,175,36,141,189,106,182,176,128,43,44,123,197,161,80,147,193,198,120,194,156,172,195
147,188,189,123,169,65,165
136,140,101,176,128,117,27,65,173,195
125,157,134,194
68,139,36,142,180,168,43,145,117,169,147,65,165,172
56,187,137,34,175,186,138,139,140,185,100,77,29,129,36,141,142,188,12,157,189,114,162,68,88,131,143,106,196,107,101,182,190,168,178,115,176,128,43,44,132,45,47,191,145,155,48,177,174,105,134,117,123,192,74,72,197,146,125,169,161,27,52,80,147,13,148,159,193,122,181,65,170,198,126,194,179,82,55,165,58,119,150,66,173,195
48,187,145,177,134,80
77,136,137,34,186,138,140,185,100,129,36,141,189,68,88,131,106,107,182,190,180,168,176,44,45,47,155,134,117,74,183,197,146,169,27,80,13,148,159,65,120,126,194,135,82,56,165,58,119,150,195
124,128
41,189,114,88,182,178,176,191,145,155,48,177,134,117,197,80,147,198,179,135,82
125,187,138,140,100,77,188,157,68,88,101,182,115,176,44,45,174,134,192,74,197,193,181,126,194,156,82,58,150,173
131,186,127,68,88,128,192,146,125,119,173
72,128,156
125,100,36,157,45,47,177,174,122,198,55,173,195
132,4,168,115,125,161,80,55,56
169,114,135
157,136,4,175,186,139,185,100,36,141,142,188,12,127,114,153,162,68,88,131,107,180,168,178,115,176,144,128,43,44,132,45,47,191,155,177,174,105,123,192,183,197,146,125,169,161,27,147,13,159,193,181,170,120,126,194,135,156,82,56,165,58,172,119,150,66,173
198,187,175,140,188,162,171,190,145,177,105,123,197,146,125,80
29,68
68,179
125,41,145,177,80
124,187,4,138,185,188,189,68,88,131,143,196,168,178,144,43,191,145,155,105,74,183,147,148,126,194,179,58
177,80
185,187,34,100,77,29,36,141,142,12,157,189,114,153,162,131,143,106,101,182,178,176,144,44,45,47,191,155,48,177,174,105,134,123,183,124,72,197,146,169,80,148,159,193,122,181,198,120,126,194,179,156,55,58,172,150,195
169,187,175,77,12,189,114,190,117,123,192,146,181,179,135,156,82,58
174,140,129
29,162,198,126
45,187,138,139,77,188,12,157,114,68,171,106,196,182,134,192,124,80,148,193,122,179,135,82
117,139,77,36,141,153,68,88,131,168,128,43,191,145,48,105,74,183,161,147,148,165,119,173
80,43
177,187,141,153,106,107,168,178,41,125,161,120,179,66,195
29,138,140,129,157,127,114,153,162,68,182,190,180,176,128,44,48,174,134,117,72,197,146,125,161,80,147,13,193,181,170,195
29,68,128,156
146,185,100,36,141,88,106,177,123,161,159,198,165,195
117,136,139,140,141,157,131,107,191,48,177,105,134,192,197,169,161
29,187,175,162,131,178,41,48,177,80,198,120,126,66,195
169,12
122,140,100,77,29,157,189,114,153,68,131,101,191,155,174,105,134,146,125,169,147,13,148,193,120,179
124,4,186,77,188,144,45,47,123,147,194,66
114,4,139,36,157,153,68,88,190,168,191,155,174,117,74,125,161,159,122,194,165,58,150,173
68,4,175,186,138,139,140,77,29,129,36,141,142,157,127,189,114,162,88,131,171,143,106,180,168,115,176,128,43,44,174,134,117,192,169,161,27,147,159,65,198,156,58,172,150,173
128,139,140,142,68,131,174,134,125,80,120,156
179,68,80
105,186,138,127,131,196,144,148
132,4,34,77,141,162,68,131,168,115,45,48,177,134,117,192,72,197,125,161,80,179,55,56,66
187,136,4,34,175,138,139,140,185,100,77,129,142,188,12,157,189,153,131,143,106,196,182,190,115,128,45,145,48,177,174,105,134,123,192,197,146,125,169,27,80,147,13,193,122,181,198,120,126,179,82,56,172,150,66,173,195
124,128
177,187,139,12,162,171,43,145,117,125,169,80,147,198,120,179,172
179,187,137,34,175,199,100,77,200,129,201,141,142,157,189,114,162,131,106,178,115,144,45,202,145,48,177,203,105,204,117,192,183,197,80,147,193,120,194,135,56,58,150,173
12,48,177,80,179
153,157,182,190,115,134,204,179,173
34,187,140,12,157,162,182,115,128,202,48,177,105,204,197,125,80,120,179
125,187,136,137,4,34,175,186,138,139,140,185,199,77,200,201,141,142,188,12,157,127,189,114,153,162,68,88,131,143,106,196,107,182,154,190,180,168,178,115,144,128,43,44,132,45,47,145,155,48,177,203,174,134,204,205,206,123,192,183,72,197,169,161,52,80,147,148,193,122,207,181,65,170,198,120,126,179,135,156,56,58,150,173,195
146,136,157,153,68,101,154,190,180,43,174,72,169,161,80,122,207,179,135,165,58,119
114,157,88
192,139
178,187,142,12,45,204,72,197,52,179,195
125,12,153,134
101,175,138,139,157,131,143,182,80,179,195
189,4,138,77,200,143,168,178,208,105,197,179
174,187,137,34,140,77,29,188,157,153,162,143,196,128,202,155,48,134,197,193,207,198,120,179,156
157,114,192
146,68
146,68
139,131
80,141,12,189,88,48,148,120,150
80,157,68,147
142,77,201,141,188,189,131,143,196,107,115,41,128,44,45,202,47,48,177,72,147,122,194,150,173
80,34,139,12,162,182,43,44,45,47,177,204,117,146,65,198,120
48,187,137,34,175,140,199,77,29,188,12,157,189,114,153,162,143,182,190,178,41,128,45,202,145,177,203,174,134,204,72,197,125,52,80,193,122,207,181,120,126,179,156
165,205,58
68,136,162,43,174,117
146,68
128,139,140,185,199,100,77,200,141,142,188,12,157,189,114,143,196,101,182,190,168,178,115,41,44,202,47,145,177,203,117,192,72,147,148,193,122,207,194,179,135,173,195
115,200,168,155
162,201,115,48
139,101,43,204,192,80
206,187,186,138,185,199,200,201,142,188,12,157,114,153,131,143,182,154,190,180,168,178,128,43,132,45,177,203,174,134,204,205,192,183,72,146,125,161,27,52,80,147,207,181,170,179,156,119,150,173
114,12,177,117,198
208,48,177
48,140,100,12,157,162,182,41,145,177,204,125,80,179,195
179,41,48
136,192
146,68,88,179
125,187,48,177,80,198,120,179
146,138,114,68,125,27,80,150
48,34,132,145,134,80,179,135
45,187,140,77,141,188,12,189,114,154,178,115,41,192,169,80,147,193
12,72,52
12,169
48,115
27,150
139,34,140,129,12,153,68,182,41,202,48,204,205,117,123,146,169,80,147,65,120,179,135,56,119,150,173
119,139
65,138,139,144,43,44,198,58
106,56
147,153,68,43
122,200,188,157,114,162,182,44,45,134,197,56
182,187,136,4,34,186,138,185,77,200,129,201,141,142,188,12,157,189,114,68,88,131,196,107,154,168,178,115,144,43,44,132,45,202,145,177,134,204,205,206,123,74,27,147,207,65,120,126,194,56,165,58,150,173,195
206,139,114,153,190,115,44,155,207,173
168,141,188,157,153,190,174,204,80,147
41,187,139,129,157,189,153,131,45,202,155,177,204,117,169,80,120,173
12,140,162,117,169
106,198,58
125,157
185,141,144,134,205,122,56
115,137,138,139,77,200,141,131,143,107,180,168,44,192,161,147,126,135,165,58
178,4,138,77,200,141,188,143,168,145,117,74,169,148,198,194,56,58,195
173,187,136,137,139,199,100,77,200,129,201,141,142,188,12,157,189,114,153,162,68,88,131,143,106,196,107,115,144,128,44,45,145,155,48,208,177,203,174,134,204,205,117,206,123,192,74,169,27,80,147,148,193,122,207,126,156,56,165,58,150
146,187,34,138,140,77,129,142,188,12,157,127,114,153,162,68,131,196,107,182,154,168,41,144,128,44,45,202,145,48,208,177,203,174,105,134,204,123,72,197,125,169,161,27,52,80,147,148,122,207,181,170,198,120,126,194,179,135,156,56,173
173,139,201,12,114,131,206,147,56
147,157,68,88
162,68,48
125,4,139,12,127,48,177,134,204,72,146,52,80,135
114,4,29,45,177,203,204,117,179
179,138,139,140,12,114,162,101,48,146,80,120
168,137,77,200,153,68,44,202,155,198,126,179,165,58
68,146,56
146,68
41,187,175,77,129,201,141,88,131,107,101,154,180,115,144,202,155,48,134,123,74,197,169,27,52,80,148,193,122,181,65,194,179,150,173
162,187,34,175,138,139,140,100,77,129,142,188,12,157,189,114,153,68,88,131,143,101,182,154,190,168,41,128,44,132,45,202,145,48,177,174,134,204,117,206,123,192,74,72,197,146,125,169,52,80,147,122,170,120,126,179,135,56,173,195
114,131
68,187,4,139,100,77,129,141,188,12,157,153,162,88,131,101,182,154,115,41,144,128,45,202,47,145,155,208,177,203,134,117,206,123,74,72,197,146,125,169,27,52,147,148,207,170,135,56,58,150,173
192,185,199,201,188,189,131,143,196,101,154,168,178,128,132,145,177,203,174,117,123,193,194,56,165
162,115,80
181,187,137,4,175,138,199,100,77,200,29,142,188,12,189,131,143,107,182,168,144,208,177,105,134,117,183,72,125,169,147,148,193,122,207,198,194,179,56,150,195
125,138,139,140,199,100,77,129,201,142,188,12,157,114,162,68,88,131,143,107,101,182,154,190,180,115,128,44,45,202,145,48,177,174,134,204,117,206,123,192,146,161,27,80,147,193,122,207,181,65,198,120,126,179,156,56,150,173,195
125,162,177,117,80
162,187,157,114,115,45,202,177,105,204
185,187,34,199,100,77,29,141,142,188,12,157,189,114,143,106,101,182,154,190,178,115,41,144,44,45,47,48,208,177,174,134,204,205,206,192,72,197,169,80,148,193,122,207,181,120,126,194,179,150
168,114
68,157,183,150
68,157,183,150
145,34,139,177,117,206,125,169,80,198,120,179
155,129,153,162,68,180,115,43,45,122,126,179
155,105
196,68,107,182,146
125,187,34,138,139,140,77,200,129,201,188,12,157,189,114,131,196,107,182,190,115,132,202,145,177,134,204,117,183,197,161,27,80,181,65,198,120
88,12,68,106,101,190,45,155,48,208,134,206,197,146,125,169,207,179,56
80,34,131,43,125,147,198,120,179
146,68
146,12,68,173
65,139,201,127,190,180,168,115,43,205,192,161,193,56,165
146,157,68,190,168,181,58
147,188,115
165,139,190,145,206,65
146,68
179,43,206
43,175,182,206,179
48,34,140,12,157,178,174,125,80,147,120,179
190,187,137,4,175,140,199,100,77,200,189,114,153,162,131,178,144,128,44,48,177,206,123,207,181,198,120,135,156,58
132,138,200,201,180,168,43,155,205,117,206,161,147,65,165,119,173
41,187,139,100,77,189,143,190,178,144,45,202,177,203,105,134,204,117,123,72,125,80,147,122,179
115,157,107,45,177,117,123,169
107,115
179,34,138,139,12,114,162,182,41,202,145,48,177,134,117,183,146,125,80,207,198,156
179,157,153,197,125,80
106,185,199,77,188,157,153,143,196,107,44,45,174,134,205,27,147,122,207,179
182,139,140,201,142,12,157,114,153,162,131,154,190,180,168,178,132,177,174,134,204,205,117,123,192,125,52,80,147,120,156,56,119,173
182,128
148,187,138,140,185,199,100,77,129,201,141,188,12,114,153,162,68,88,131,143,106,101,154,190,168,178,41,128,44,202,47,145,155,203,174,134,123,72,146,125,52,80,147,193,122,181,120,126,194,179,135,156,58,150,173
178,187,209,41,202,48,105,210,195
205,200,141,211,43,165
68,146
106,56
106,56
88,186,212,205,165
156,200,157,56,58
43,182,125,179,213
41,175
165,187,209,186,138,185,212,214,200,201,141,142,188,211,12,157,127,189,114,153,162,68,88,131,196,107,101,154,180,168,178,115,41,144,43,44,45,202,47,145,155,48,177,174,105,134,204,205,117,206,192,183,197,169,161,27,52,80,147,193,122,207,181,65,170,198,120,126,215,194,179,135,216,156,56,58,150,210,213
125,187,209,4,34,175,186,138,140,185,212,199,100,214,200,201,142,188,211,12,157,127,189,114,153,162,131,106,196,101,182,154,190,180,168,178,115,144,43,44,45,47,145,155,48,208,177,203,174,134,204,206,192,183,72,197,169,161,52,80,147,193,122,207,181,65,198,120,215,194,179,156,56,213
204,162
162,201
168,212,201,107,101,178,115,43,145,192,183,161,147,215,156,58
134,138,185,114,122,179
29,138,201,68,168,43,146,161,56,58
65,204
177,80
194,187,209,214,29,141,188,211,12,157,68,196,101,45,202,47,125,27,80,147,198,215,179,150,210,195,213
114,187,140,212,129,201,141,142,12,127,162,154,47,117,169,207,198,215,194,150,210
45,187,209,4,100,214,200,141,12,157,114,88,196,107,115,41,155,48,134,192,72,146,80,193,126,56,210
146,68
68,187,209,137,4,34,175,186,138,140,185,212,199,100,214,200,29,129,201,141,142,188,211,12,157,127,189,114,153,162,88,131,143,106,196,107,101,182,154,190,180,168,178,115,41,144,128,43,44,45,202,47,145,155,48,208,177,203,174,105,134,204,205,117,206,192,183,72,197,146,125,169,161,27,52,80,147,148,193,122,207,181,65,170,198,120,126,215,194,179,135,216,156,56,165,58,119,150,210,195
146,68
145,34,140,129,141,12,127,114,162,68,131,182,178,41,43,48,177,105,134,204,117,183,197,146,125,80,122,207,198,179,210,213
209,187,175,214,141,142,188,211,157,127,153,162,68,131,106,182,45,203,174,206,192,146,125,52,147,193,120,194,179,156,150,213
12,209,45,117
146,68
210,178,203
187,154,155,203,134
179,140,43,145,134,80
206,187,209,4,34,175,186,138,140,212,199,214,200,129,201,142,188,211,12,157,127,189,114,153,162,131,143,106,196,101,182,154,190,180,168,115,144,43,44,45,202,47,155,48,177,203,174,105,134,204,205,117,192,183,72,197,146,125,169,161,52,80,147,193,122,207,181,198,120,126,215,194,179,216,156,56,165,58,119,150,210,195
115,187,137,186,138,212,100,214,200,129,201,141,188,211,157,114,153,131,106,107,182,154,190,168,41,144,43,45,145,155,203,174,134,205,183,169,52,147,148,193,122,181,65,198,126,215,194,179,216,156,56,58,119,150,213
12,209,34,182,48,177,134,146,125,80,122,207,179,195
12,209,34,114,153,143,182,45,202,48,177,134,146,125,80,122,207,179
146,138,185,199,68,106,196,168,155,203,105,134,205,206,197,27,52,193,207,181,126,194,135,58,195
174,155,72,169,80
12,209,68,182,48,177,117,146,125,52,80,207,179
192,214,141,188,189,114,154,45,145,169,161,52,179
206,141,190,205,117,165
211,201,141,68,205,216,165,58
177,209,34,189,182,178,43,45,202,48,134,204,80,198,195
174,209,140,212,201,142,157,114,131,101,182,154,190,180,168,178,115,45,47,48,177,203,204,117,206,146,122,181,120
101,209,4,138,214,201,189,153,162,106,107,182,115,43,44,48,174,205,197,146,27,122,179,156,195,213
209,187,214,197,207,120
177,187,162,204,52,80
29,68
146,187,138,185,200,201,142,188,157,189,114,153,162,68,88,131,143,106,154,190,180,168,47,145,155,177,174,134,117,206,192,183,72,197,125,169,161,52,80,122,170,215,179,216,156,56,58,150,210,195
157,153,162,182,174,125,195
80,209,140,12,157,153,182,41,43,202,48,146,125,207,120,119,195
180,4
162,187,34,140,141,142,211,12,157,189,114,153,68,131,101,182,154,190,168,115,44,202,145,48,177,134,204,117,192,72,197,146,125,169,80,147,122,207,181,170,120,126,179,156,150,195,213
202,187,209,137,4,186,140,212,199,100,214,200,129,141,188,12,157,189,114,162,68,196,107,182,190,168,178,115,144,43,44,45,47,145,48,177,203,174,105,134,205,206,72,125,169,27,52,80,148,207,181,215,194,179,156,56,58,150,210,213
114,211,157,153,119
107,115
209,101,45
106,56
146,4,185,200,201,142,114,162,68,88,131,143,106,154,190,180,145,155,174,134,117,206,192,197,125,169,161,27,52,80,122,170,215,216,156,56,58,150,195
68,12,177,146,156
162,174,204,210
156,187,209,140,185,212,214,201,141,142,188,211,157,189,114,153,162,106,182,154,190,180,168,115,144,43,44,45,47,174,134,204,205,206,192,72,197,169,161,52,147,193,122,207,181,120,126,215,194,179,216,165,119,213
162,12,202,48,134,80,179,210
138,34,175,186,185,212,199,100,200,129,141,142,188,127,189,114,162,68,88,131,143,107,190,168,178,115,145,155,208,177,203,174,105,134,204,205,117,206,192,197,169,161,27,148,193,207,65,170,198,215,194,179,135,216,156,165,150,195,213
146,68
68,29,142,114,162,88,143,190,180,128,145,155,174,134,117,206,192,197,146,125,169,80,122,170,215,216,156,56,58,150,195
215,209,138,212,200,129,141,12,157,114,153,68,106,107,115,144,202,47,169,80,193,65,198,194,156,56,119
114,187,140,157,162,101,115,43,45,155,177,174,134,204,206,192,72,197,125,147,122,194,179,156,119,213
41,200,48,203,52,56
12,212,211,157,114,153,190,168,45,202,155,174,134,204,72,125,207,120,179,195,213
141,186,211,107,144,205,117,192,125,147,193,215,135
198,187,209,175,138,100,29,201,188,12,157,114,68,106,196,182,190,178,41,144,202,48,177,203,174,105,134,183,125,80,148,193,207,181,170,120,126,179,210,195,213
206,157
48,12,145,179
114,188,211,12,157,68,196,115,41,202,147,122,181,156,119,195
193,199,215
204,147,179
80,209,34,140,12,157,162,131,41,43,48,177,134,192,183,125,169,122,207,126,179,165,119,213
207,162,192,150
146,157,114,68,88,196,190,117,192,197,169,80,148,122,207,150
179,187,138,12,114,153,162,182,41,45,202,145,48,197,146,80,181,198,58,213
197,187,209,138,12,162,68,101,144,45,202,47,145,155,48,105,169,148,120,179,210,213
206,117,183,179
182,190
204,68,215,179
177,209,34,138,100,214,142,157,162,143,101,182,178,44,45,202,47,48,174,105,134,204,197,80,147,148,122,198,120,179,156,210,195,213
114,100,157,182,190,115,155,194
147,186,157,68,169
180,4
215,114
162,140,157,114,101,182,45,177,174,156
131,186,185,214,157,189,178,144,155,203,105,181,215,194,156,210,213
150,138,140,212,100,200,129,141,188,157,114,153,68,143,196,107,101,168,115,144,44,45,134,192,72,125,169,27,126,215,56,119
183,34,100,117,148,65,150
80,12,162,48,204,198,213
114,186,129,157,180,47,208,203,217,156
80,106,56
58,141,142,114,68,44,202,205,192,216,156,150
218,219,220,162,115,44,174,204,58
194,209,200,141,189,68,221,101,144,44,45,202,47,203,174,72,27,179,150,210,213
147,168
204,157,222,213
223,219,200,188,114,88,115,192,193
114,212,29,188,157,189,162,222,218,101,45,134,204,192,197,223,125,122,120,213
221,200,188
179,209,175,100,220,189,114,221,131,222,218,106,190,168,178,41,202,48,208,177,203,134,197,146,223,125,147,148,122,181,210,213
105,137,175,140,220,129,189,114,101,154,168,178,45,202,47,208,177,203,122,207,126,179
122,212,68,131,190,144,43,134,117,146,125,80,194,119
224,209,140,212,162,131,218,154,41,43,45,202,177,117,169,225,52,80,147,207,181,65,126,179,119,213
212,137,186,219,140,199,201,141,142,188,157,127,189,114,162,68,221,131,143,222,218,190,168,115,144,43,44,45,202,48,177,174,105,134,204,117,206,72,197,146,223,125,169,225,27,52,80,147,193,122,181,120,179,156,56,210,213
162,34,219,140,220,129,142,188,211,157,189,114,68,221,131,143,222,218,101,190,115,41,144,44,45,202,145,48,177,203,134,204,117,224,192,72,197,146,223,125,169,80,147,122,207,181,120,126,179,135,156,150,213
140,219,226,114,131,227,218,154,228,41,203,174,204,206,197,194,213
213,137,186,140,185,100,200,129,201,141,142,211,157,127,189,114,221,131,143,227,222,106,101,154,190,168,228,115,41,144,43,229,45,202,47,203,174,105,134,205,224,183,197,223,125,169,225,52,147,148,181,120,126,194,179,135,216,119,150,210
122,188,221,143,208,204,223,181,65,179,213
175,101,192
146,68
146,68
146,68
146,68
146,68
122,34,157,114,68,134,146,80,120,179,119
146,212,68,43,117,183,72,125,80
209,220,189,45,202,48,169,80,56
157,201,211,131,154,228,43,230,206,223,119
80,125
183,227,205,65,150
146,68
174,212,114,222,168,202,204,206,125,80,120
114,157,168
204,212,100,141,157,131,154,190,206,223,213
200,212,141,211,227,180,115,229,205,117,206,192,169,161,147,135,119
146,68
180,209,175,186,219,140,212,199,220,129,201,141,142,211,157,127,189,114,162,68,131,227,218,190,115,144,44,229,45,202,145,48,177,203,174,134,204,117,206,224,183,72,197,146,223,125,169,225,52,80,193,207,181,65,120,126,194,179,135,156,56,150,210,213
213,219,100,220,188,114,221,218,144,45,202,203,174,134,197,122,120
157,228,197,65
225,219,162,218,178,202,48,223,213
105,175,219,220,189,114,221,222,190,178,45,202,177,203,134,204,224,197,223,148,120,126,179,213
197,209,175,138,219,140,185,100,29,201,142,211,127,114,68,143,101,190,178,44,229,45,202,47,48,208,174,117,223,161,27,80,147,148,181,120,194,135,56,58,150,210,213
72,129,174,204,122,126,179,213
228,212,200,201,227,180,115,43,205,192,147,216
218,219,185,100,141,189,178,47,208,204,205,148
146,212,68,43,174,134,125,80
186,157,154
105,209,138,219,220,189,178,45,202,48,177,174,204,72,80
114,168
174,140
134,142,101,174,146,210
146,209,137,34,175,138,219,140,100,220,129,188,127,189,114,162,221,131,143,222,218,106,101,168,178,41,45,202,145,48,208,177,203,217,174,105,134,204,224,72,197,223,125,169,225,27,80,148,122,181,120,126,179,156,210,213
68,189
212,179
231,34,219,140,157,162,222,218,101,178,144,48,177,203,174,134,204,197,223,27,80,147,207,65,232,120,179,216,156
43,226,211,157,206,216,233
232,162,204,156
68,189
56,157,189,68,106,41,43,229,145,197,125,80
80,106,56
231,157,162,204,223,120
205,141,234,202,174
179,235,186,212,199,200,220,129,201,141,142,226,211,157,189,236,162,68,143,227,222,106,154,190,180,237,168,228,115,43,44,234,45,230,238,204,205,117,206,192,197,223,169,80,147,207,65,135,216,156,233,239,58
43,218,168,231
68,240,209,235,137,241,34,175,186,219,140,185,212,199,100,200,29,220,129,201,141,142,188,226,211,157,189,236,162,88,221,143,227,222,218,106,242,101,154,190,180,237,168,228,178,115,41,144,43,44,229,234,45,202,47,145,230,48,208,177,203,238,174,105,134,204,205,117,206,192,183,197,223,125,169,225,161,27,80,147,148,193,207,181,65,232,120,243,179,135,216,231,156,56,233,239,58,150,210
125,80,150
229,241,212,200,220,201,211,157,88,227,242,237,115,43,234,230,238,205,169,161,147,232,243,135,216,56,233,239,58
143,210
169,43,207,179,233
229,180
45,209,29,141,188,162,88,177,117,56
145,100,29,129,141,142,188,211,157,162,88,221,218,101,190,168,115,43,44,45,202,48,203,134,204,117,206,192,223,125,80,147,207,120,179,135,231,156,56,150
233,212,199,211,157,221,106,154,237,115,43,204,117,206,169,161,80,147,207,181,65,232,179,150
68,43
45,188,211,157,88,106,190,144,43,206,183,135,216,56,150
150,106
150,106
68,157,222,177,134,80,147
197,209,175,186,219,140,100,29,141,142,188,211,162,68,221,218,101,190,178,41,43,44,229,45,202,47,48,208,134,223,225,80,147,148,193,181,120,179,135,56,58,150,210
202,222,145,179
174,157,68,190,43,134,80
232,211,68,43,156,58
206,241,186,212,157,227,242,180,237,169,243
145,137,175,186,200,189,88,221,180,229,234,117,161
45,209,219,243,150
147,105
210,209,222,48,225,120,179,244
210,48,244
232,218
161,235,201,43,27,156
243,241,186,227,245,237,43,234,238,169,232,58
157,240,220,222,190,230,174,193,232
169,240,209,235,186,212,200,220,129,201,141,142,188,226,211,157,189,236,68,221,227,222,154,237,168,228,115,41,43,229,45,202,145,230,238,204,117,206,192,183,161,80,207,181,65,179,135,216,231,156,233,239,58,150
168,243
240,246,235,236,222,247,206,231
181,189,205,156
125,162,222,168,228,43,203,105,206,248,231,210
223,134
157,240,34,249,88,227,218,168,43,174,204,223,125,169,250,231,150
150,106,125
205,240,235,186,251,200,201,226,211,88,227,154,180,115,43,247,230,238,117,206,192,183,169,161,216,250,233,252,150
221,186,219,141,249,211,157,189,253,227,106,242,101,190,168,44,234,254,255,174,206,197,225,216,156,210,244
226,141,211,256,58
228,185,200,257,201,141,236,221,106,242,258,247,202,48,183,197,225,193,120,250,56
205,240,209,246,235,137,241,34,175,186,219,185,251,199,100,200,29,259,129,257,201,141,249,188,226,211,157,189,236,162,88,221,253,256,227,222,218,106,242,101,154,190,180,237,168,228,258,178,115,43,44,247,229,234,45,202,254,230,48,208,177,203,238,255,174,105,134,204,117,206,192,183,197,223,125,169,225,161,260,193,207,261,181,65,232,120,248,243,216,250,231,156,56,233,239,58,252,150,210,244
205,240,209,246,235,137,241,34,175,186,219,185,251,199,100,200,29,259,129,257,201,141,249,188,226,211,157,189,236,162,88,221,253,256,227,222,218,106,242,101,154,190,180,237,168,228,258,178,115,43,44,247,229,234,45,202,254,230,48,208,177,203,238,255,174,105,134,204,117,206,192,183,197,223,125,169,225,161,260,193,207,261,181,65,232,120,248,243,216,250,231,156,56,233,239,58,252,150,210,244
150,106,125
226,243
242,175,201,249,228,178,202,205,183,197,225,150
252,240,157,236,253,101,247,48,134,204,197,125,120,156
120,197,207,150
156,137,241,29,257,201,188,226,157,236,221,253,222,106,101,168,178,115,44,247,203,134,197,223,125,181,232,120,248,243,210
134,240,251,141,157,236,221,253,218,101,48,174,197,125,65,120,252,150
192,211,189,238,205
174,235,175,219,190,168,115,43,206,223
234,246,241,200,259,211,256,227,237,115,43,247,229,205,206,169,232,248,216,56,233
157,244
253,206
105,175,219,100,189,162,253,222,218,178,202,48,177,197,225,156,252,210,244
248,201,226,256,247,234,205,161,243,58
174,157
157,240,259,222,190,230,174,193
251,34,43,207
125,209,246,235,137,241,34,186,219,185,251,199,200,259,257,201,141,249,188,226,211,157,189,236,162,88,221,253,256,227,222,218,242,101,154,190,180,237,168,228,258,178,115,43,44,247,229,234,45,254,230,48,208,177,203,238,255,174,134,204,205,117,206,192,183,197,223,169,225,161,260,193,207,261,181,65,232,120,248,243,216,250,231,156,56,239,58,252,150,210,244
129,260
105,162,222,101,202,203,134,204,125,210
154,240,157,253
43,240,246,241,185,200,257,201,249,226,157,189,236,253,106,154,237,168,115,247,234,254,230,238,255,204,117,206,192,169,161,193,207,181,232,216,250,233,252,150
157,186,206,156
247,235,251,211,227,228,258,43,203,204,206,169,225,193,232,216,252,210
162,240
156,223,232
125,226,157,48
65,240,141,188,157,168,247,223,169,232,56,252
125,34,129,157,162,190,115
188,34,189,162,221,223
157,137,219,185,251,100,129,249,236,162,218,190,168,178,44,254,48,203,134,204,117,197,223,125,260,193,232,120,231,156,252,244
168,189,178,208,117
174,156
101,34,43
117,181
238,240,246,235,219,185,251,199,200,257,249,188,211,157,236,162,256,227,218,190,237,168,115,43,247,234,254,230,255,204,206,197,193,261,232,243,216,250,156,150
134,202
65,141,256,258,204,117,192,197,223
247,246,185,259,249,157,236,253,106,154,190,168,234,45,230,192,243,216,156
43,162,222,242,247,177,204,117,206,207,250,233,210
44,240,209,137,100,200,141,157,189,162,253,222,168,178,43,247,45,208,203,134,205,223,248,243,156
236,106,183
228,219,201,141,242,101,237,44,234,45,254,117,125,207,150,210
206,240,211,161
237,247,250
157,240,253,174,231
162,219,222,218,258,48,177,105,204,192,223
192,233
150,106
150,106
150,106
231,34,175,219,100,249,157,236,162,253,218,101,190,168,228,178,44,45,48,177,203,174,134,204,197,223,125,260,207,181,65,120,156,252
229,219,249,218,197,223,225,231
120,209,175,219,185,100,157,221,106,178,44,247,234,45,197,125,169,193,150,244
205,209,246,241,186,251,199,200,29,259,257,201,141,249,188,226,157,189,236,162,256,227,154,190,237,258,43,44,247,234,208,177,238,105,204,117,206,192,183,125,161,260,207,232,248,243,250,156,56,233,252,150,244
261,251
251,211,168,206
168,186,251,258,261
222,240,209,137,175,219,199,200,257,188,226,157,189,236,162,221,253,227,218,106,101,190,237,168,258,178,43,44,45,254,230,48,208,177,203,105,134,204,205,117,223,125,169,225,260,193,207,181,58,252,150,210,244
248,240,246,235,251,201,141,226,211,236,162,256,227,242,237,168,228,258,43,247,234,204,205,206,183,161,232,243,250,58
156,157,189,162,221,208,177,238,174,204,125,207
218,219,253,229,232
223,188,236,221,106
210,219,162,253,227,222,218,48,255,134,197,223,125,225,252
150,240,209,246,235,137,34,200,29,129,257,141,249,226,157,162,88,221,256,227,218,242,101,154,190,180,237,168,258,43,44,247,229,234,202,254,230,203,174,134,117,192,183,223,125,169,161,207,181,65,120,248,243,216,250,156,56,58
230,219,129,141,226,211,236,227,218,180,43,229,45,105,225,248,216,150
161,240,34,257,226,157,162,237,43,234,208,238,134,204,210
157,246,235,137,241,175,200,188,221,227,168,115,254,134,125,169,260,193,244
229,34,162,88,117,192
162,157,189,48,208,177,174,105,206,125,260,210
150,162,190,207
252,157
252,226
240,236,222,203,105,134,204,197,223,125,207,120,210
162,185,249,189,168,258,44,45,202,192,250
174,157,156
218,219,251,157,162,255,204,125,225
120,257,44,197,207,150
258,240,246,235,175,219,262,263,257,141,249,188,226,211,189,236,88,253,264,154,180,237,168,229,234,45,48,208,177,255,134,204,192,169,207,261,232,243,156,56,239,58,150
218,226,253,229,177,255,204,125,207
257,216
265,235,219,251,162,222,204,244
240,169,216
237,44,210
209,137,175,221,253,222,218,208,177,203,204,260,65,265
204,228,177
265,251,162,203,134,204,205,206,250,244
259,251,200,188,242,180,168,247,229,255,169,225,250
253,240,259,43,204,205,207,250
161,175,253,264,190,168,258,234,208,238,204,117,183,260,261,252
168,125
125,209,235,241,219,253,222,218,43,48,105,205,117,183,197,225,120,252,210
186,235,261
233,256
205,137,34,188,189,162,218,190,178,43,254,225
65,34,178,43,205,266
43,240,34,264,197,65
154,240,222,229,204,248
249,240,209,246,235,137,267,34,219,251,199,129,257,188,226,211,268,189,236,162,88,253,256,222,264,242,154,180,237,168,228,258,115,43,234,45,202,48,177,255,174,269,205,117,225,161,193,207,181,65,248,243,231,156,56,58,252,266,150,210,244
207,48,193
211,169,181
253,259,154,237,168,207,216,266
174,253,218,250
169,235,251,252
264,240,204,120,216,252
232,235
204,241,29,257,188,154,237,250
240,267,219,29,263,188,268,236,162,253,270,222,154,237,234,177,203,134,269,197,125,169,161,193,265,248,231,56,266,210
65,34
229,180
202,175,251,249,236,162,256,242,228,258,178,247,48,197,225,260,207,248,210
268,256
210,48,255,134,204,125,193
251,235,237,250,233,252,150,210
205,241,43,247,229,238,169,65,216
251,252
169,175
205,189
150,45,56,58
210,222,237
183,162,205
192,209,246,137,241,175,219,29,259,141,211,189,236,162,88,221,253,222,218,237,258,178,44,45,48,208,177,203,238,174,105,134,204,125,225,193,181,120,265,250,231,156,56,252,210,244
251,252
169,175
253,259,43,266
205,241,189,162,218,154,183,56,58
263,236,162,43,105,252
229,180
115,175,188,218,229
237,154
56,29
169,251,200,189,256,43,238,205,181,233,252
259,240,34,251,200,257,222,264,48,174,192,193,232,250,252
253,154
34,29,258,174,134,204,183,207,56,150
162,209,185,141,221,242,168,45,255,204,260,207,216,252
117,232
202,235,251,249,226,268,236,256,228,258,115,247,205,192,156
235,141,226,204
117,236,258,204,205,65,266
202,257,249,188,236,162,178,247,48,260
205,189,162,183
236,226,190,43
250,251,120,233,210
192,250
188,175,257,141,189,221,168,258,178,115,43,45,254,269,207,58,252
255,156
156,235,175,29,257,141,249,188,226,236,221,253,222,218,237,258,44,45,202,254,48,208,177,255,134,169,193,207,216,231,252,150
265,251,218,264,237,168,48,203,238,174,204,206,125,232,250,156,252
265,246,175,186,251,236,218,237,258,178,48,174,134,204,197,125,260,193,65,250,252
235,137
205,209,137,267,34,175,219,185,251,199,29,257,188,226,189,162,88,221,253,270,222,218,190,168,178,44,247,45,202,254,48,208,177,203,255,174,105,134,204,269,197,125,225,161,260,193,207,181,120,265,231,156,56,252,210,244
207,175,222
174,252
243,240,246,219,185,251,262,200,29,249,226,236,162,256,222,242,190,180,237,168,228,258,43,229,254,134,205,206,125,248,216,156,56,233,58
243,240,246,219,185,251,262,200,29,249,226,236,162,256,222,242,190,180,237,168,228,258,43,229,254,134,205,206,125,248,216,156,56,233,58
229,246,186,257,141,249,270,242,261,252
233,207,65,250
266,262,236,204
251,240,209,246,235,137,267,241,34,175,186,219,185,199,262,200,259,257,141,249,188,226,211,268,189,236,162,88,221,253,270,256,222,218,264,242,154,190,180,237,168,228,258,178,115,43,44,247,229,234,45,254,48,208,177,203,238,255,174,134,204,269,205,117,206,192,183,197,125,169,225,161,260,193,207,261,181,65,232,120,265,248,243,216,250,231,156,56,233,239,252,266,150,210,244
251,190,43,204,205,206,210,244
218,240,209,175,219,253,222,154,237,45,177,134,197,225,120,210
219,43,250
266,251,262,236,154,204,269
204,240,137,186,251,257,249,162,253,222,115,234,254,177,203,134,117,192,161,193,207,120,265,248,150
244,235,137,105
216,235,251,43,238
205,189
222,240,267,241,34,175,219,185,199,259,257,249,188,226,211,189,236,162,253,270,218,168,258,178,115,43,247,229,45,254,48,208,177,203,255,174,105,269,192,271,125,169,225,260,193,207,265,248,216,252,150,210,244
248,240,246,235,268,256,43,247,234,238,205,58
265,125
240,246,241,249,253,270,256,218,264,48,177,204,183,260,252,150
234,247,238,248,216
205,189
205,189
231,257,141,249,154,45,48,177,255,225,193,207,248
205,240,209,246,235,137,267,241,34,175,186,219,185,251,199,262,200,29,259,129,257,141,249,188,226,211,268,189,236,162,88,221,253,270,256,222,218,264,242,154,190,180,237,168,228,258,178,115,43,44,247,229,234,45,202,254,48,208,177,203,238,255,174,105,134,204,269,117,206,192,183,197,125,169,225,161,260,193,207,261,181,65,232,120,265,248,243,216,250,231,156,56,233,239,58,252,266,150,210,244
190,206
229,240,180,238
253,259
105,175,219,253,222,218,178,202,48,177,203,174,197,125,225,265,252,210
205,189
156,137,34,249,177,105,232,265,210
162,175,219,253,218,105
168,208
65,209,175,268,162,253,270,256,218,105,204,205,225,161,216,233,210
251,210
150,240,211,258,43,247,45,48,177,204,269,125,193,207,65,248,231,56,58
252,34,193,207
216,240,235,251,226,237,43,234,255,117,192,232,56
249,240,199,236,162,178,202,105,134,204,125,260,265,231,156
183,162
231,240,34,175,219,257,249,236,162,253,270,256,222,218,228,178,44,45,254,48,177,203,174,134,204,269,197,125,260,207,181,65,120,265,156,58,252
183,162
253,240,259,218,264,154,168,43,204,205,207,250
205,251,208,243
120,240,226,189,162,258,115,254,207,232,231
260,225,216
236,240,246,34,185,259,249,162,253,222,218,258,115,43,229,202,254,48,177,255,105,205,192,207,261,181,232,248,216,250,231,56,233,239,58,150,210,244
189,205
211,241,268,205
272,259,249,236,270,254,255,134,225,181,252
202,216
204,267,185,253,250,231
48,251,218,238
211,259,273,268,274,218,254,250
200,193
263,222,260
218,209,241,34,175,251,29,273,263,257,272,141,249,275,211,268,276,236,162,221,253,270,274,256,222,168,115,44,234,45,202,255,105,134,204,117,197,225,260,193,261,120,265,248,156,277,252,150,210,244
218,209,278,267,34,175,186,219,185,262,273,279,263,257,272,141,249,275,211,189,276,236,162,88,253,274,222,190,115,43,44,247,229,202,254,48,177,238,255,134,204,269,197,271,169,225,280,260,193,181,232,120,265,248,216,231,156,56,252,150,210,244
115,209,137,267,241,175,186,185,251,262,259,273,279,263,257,272,249,275,189,276,236,221,253,270,222,218,242,190,168,229,234,45,202,254,177,255,105,134,204,197,271,169,225,181,120,265,250,231,277,233,58,252,266,210,244
272,209
251,48
48,175,219,272,218,210
255,185
200,257,45,255,271,225,216,58
253,34,185,257,272,249,236,162,221,256,222,218,242,190,258,45,254,48,177,203,255,134,269,197,193,181,232,156,252,210
156,232
247,34,186,259,141,249,253,44,254,177,255,269,271,250,244
231,34,279,275,218,178,254,177,197,120,252
259,272,162,253,222,210
193,211,218,277
264,204,120,216,252
162,272,204
268,259,257,211,189,236,115,247,45,254,255,193,181,250,150
236,185,263,162,168,43,255,105,205,192,266
218,222,105
137,200,272,141,268,43,254,203,255,134,271,216,56
161,267,262,279,264,190,258,234,238,117,260,261
137,246,200,257,249,236,43,44,271,281
193,209,175,200,273,272,268,189,276,162,221,44,234,202,254,48,177,255,225,260,265,216,231,252,244
259,209,141,236,162,88,221,274,256,258,115,43,234,203,255,269,205,271,250,277,150
218,219
250,246,278,137,34,262,273,249,211,268,236,253,264,228,247,229,254,48,177,255,192,197,181,120,265,231,58,210,244
234,246,278,137,267,241,34,186,185,251,262,200,259,279,257,272,141,249,211,268,276,236,162,221,270,264,242,168,258,43,44,247,229,254,255,204,269,205,117,271,169,225,281,161,260,261,248,243,277,56,233,58,150
261,251
48,34,272,162,229,177,203,56
269,200,249,253
200,271
251,246,137,186,211,221,253,218,43,247,234,281,261
280,134
251,209,246,278,272,274,234
272,258
249,222
275,272,252,150
232,251,58
266,236
269,271
280,250
175,169
263,260
120,209,175,257,249,188,275,189,276,221,253,48,177,255,134,204,197,225,281,277,150
162,263
189,205
231,267,263,249,218,202,255,156,277,252
150,278,190,280
218,137,219,251,29,272,275,162,43,48,238,105,197,193,252
204,162,88,256,115
271,257
43,247,216,210
231,34,219,162,253,218,178,254,48,203,134,197,260,120,156,252
134,277
222,278,267,241,34,175,219,185,200,259,257,249,188,275,211,189,276,236,162,253,270,218,190,168,258,178,115,43,229,45,202,254,48,177,203,255,105,269,192,271,169,225,193,261,265,248,216,252,150,210,244
209,177,210
239,242
228,211,168,204
259,34,162,134,204,232,156,266
265,267,251,272,249,275,253,222,264,203,105,134,204,197,271,232,216,250,156
192,278,186,185,270,44,202,48,204,197,181
204,141,105,192,277
183,218,43,105
218,219
161,267,175,262,279,253,264,190,258,234,238,117,261
115,209,278,137,267,241,175,186,185,251,259,273,279,263,272,249,275,211,189,276,236,162,221,253,274,222,218,264,242,190,168,43,229,234,45,202,254,177,255,269,197,271,169,225,193,181,232,120,250,231,156,277,56,233,58,252,266,210,244
251,219,232,216
134,137,267,175,236,221,203,117,193,156,277,266
264,211,253,45,216
264,209,273,257,275,253,178,105,134,216
228,249,216,231
225,185,218,56
246,251,260,120
219,250
45,229
134,277
251,205
275,209,267,273,257,272,249,276,162,222,254,177,255,260,181,120,265,231,277,252,210
258,34,219,188,275,189,236,253,222,218,168,234,254,177,203,105,134,117,197,225,281,120,277,210
175,189,205
186,262,236,229,204
231,272,255
48,251
209,45
247,137,175,186,273,279,257,141,249,211,189,162,253,222,229,234,48,269,197,225,248,244
252,34,251,257,275,162,254,120,210
43,278,205,250
189,205
43,34,134
253,278,242,48
272,219,273,279,162,178,134,269,197,225,265,277
255,185
56,278,241,175,186,185,262,279,263,257,272,275,268,276,221,270,256,222,264,242,168,228,178,115,43,44,234,45,202,254,48,177,134,204,183,197,271,161,181,120,243,231,233,252,266,150,210,244
162,183
150,258,204
177,162,190,43,229,45,105,134,117,271,193,210
150,278,222,271
255,272,249,265,277
161,278,267,34,185,273,257,272,249,275,268,88,253,222,264,247,229,234,254,177,203,134,204,117,192,183,271,169,280,261,120,265,248,156,56,150
253,278,267,241,34,175,219,251,273,257,272,275,236,270,222,218,264,45,202,254,48,177,255,105,134,204,117,197,225,193,120,265,156,277,239,252,150,244
178,278,272,275,43,204,265,231,266,150
222,278,272,265,150
183,264
162,209,241,34,175,186,185,251,262,200,259,279,257,141,249,188,236,88,221,270,274,256,222,264,242,258,43,247,234,202,254,48,203,255,134,204,197,225,193,181,243,216,56,233,58,266
58,259,141,43,271,169,248
231,137,200,29,273,141,249,275,211,268,276,256,44,247,255,269,205,183,271,225,248,243,233,58,252
186,268,190,202,266
34,278,251,189,162,43,177,120,252,210
241,162,115,183,56
251,272
265,175,279,272,275,189,253,202,177,203,255
162,219,273,272,222,229,177,192,197,231
265,272
34,267,186,219,251,279,189,162,221,253,270,190,178,115,247,234,177,203,134,204,205,183,197,169,225,280,120,56,233,239,252
178,219,275,253,222,48,203,105,280,260,210,244
218,219,258
43,258,177,117
115,34,43,48,250
134,209,246,175,186,262,29,279,257,249,189,276,247,234,48,255,105,204,205,192,280,281,260,261,181,232,248,216,58,150
244,278,175,185,249,274,242,168,115,202,254,255,269,117,271,232,250
189,205
251,210
225,273,261
120,209,278,175,273,272,275,189,276,221,253,254,48,255,134,204,197,225,281,260,150
228,189,48,231
282,278,34,283,275,222,258,134,117,120,284
251,261
251,174,261,265
285,219,273,272,249,286,218,229,255,269,197,225,231,277,150
197,48
259,34,287,275,162,222,174,205,232,265,250,284
204,34,175,275,88,253,218,178,234,48,203,134,193,181,265,231,150,244
204,269,244
45,178,150
268,278,211,150
259,278,267,251,287,272,283,275,162,221,253,222,218,264,254,177,174,204,197,225,250,244
117,34,222,203
272,273,258
250,272,162,286,253,269,225,193,248
286,178
242,189,162,205
242,189
251,261,232,156
259,185,262,272,141,275,268,276,236,162,88,253,270,218,264,190,115,229,254,48,177,255,174,204,197,285,225,161,193,248,250,277,244
232,156
175,88,253
231,209,34,219,263,249,275,162,264,44,288,48,204,192,260,244
272,275,174,265
251,282,137,175,219,272,249,275,236,162,286,253,270,222,218,264,190,178,288,48,177,203,255,174,105,134,204,117,192,197,280,265
250,197
283,34,272,162,221,222,134,250
265,186,219,185,272,162,253,222,228,288,174,204,231,156,277
281,278,287,45,271
265,272
174,275,218,48,265,250
115,34,287,289,211,236,253,222,218,242,290,168,48,105,265,248
265,249
174,272,275,265
251,219,29,275,286,253,256,222,264,254,203,255,174,105,134,204,117,197,280,120,250
264,204,120,231
242,189
188,209,137,267,175,219,185,251,29,259,273,291,287,272,289,275,276,221,253,274,222,218,178,234,45,288,254,203,255,105,134,204,117,197,271,285,225,280,161,193,261,181,232,265,156,277,233,244
242,189,236,281
56,205,193
250,272,283,275,253,274,222,264,203,174,269,197,225,232,265,266,244
251,261
88,282,211,268,264,290,255,269,205,271,292,248,266
258,34,162,105,117,192,284
236,263,249,242,225
115,105
278,282,256,229,244
175,289,88
44,185,205,280
278,246,267,234,117,271,56,150
265,293
280,246,278,256,281,248
232,283
204,267,185,291,272,270,177,255,134,231
232,251
275,222,150
205,162
262,241,273,249,189,88,253,222,290,168,258,254,48,177,269,183,197,231
161,267,262,264,258,234,238,117,260,261
266,246,278,287,272,141,283,249,236,222,264,234,203,117,225,232,265,248,156,293,244
255,175,219,185,273,283,275,189,253,222,218,258,45,288,254,48,177,174,105,285,225,156,56
186,185,287,162,264,258,255,271,233
242,189
250,244
271,287,248
117,278,34,275,258,192,266,150
204,246,278,267,272,289,189,88,218,242,258,45,255,117,271,280,181,232,250,231,56,266,150
290,262,211,268,274,234,271,161,232
211,241,273,141,275,268,189,276,162,253,288,254,134,225,292,193,277
156,34
284,249,228,231
189,186,242,168,258,254,177,192,193,181,56
48,177
185,255
192,267,34,251,290,204
272,209,282,137,267,241,34,175,186,219,185,251,262,200,273,291,287,283,188,289,275,189,276,236,162,286,221,253,270,256,222,218,190,228,258,115,229,45,288,254,48,177,203,255,174,105,134,204,205,117,192,197,271,285,225,281,280,292,260,193,181,120,265,243,250,231,156,277,56,266,150,244
48,272,275,276,222,174,225
186,258,117,248,293
251,246,185,273,287,188,286,255,197,260,232,120,243,277
209,273,272,275,189,253,174,204,197,292,120,156,56
255,267,248
242,189
258,281
269,273,141,249,211,236,255
231,209,219,185,273,291,272,141,162,218,44,45,48,177,174,192,280,260,284,244
168,283,276,253,222,264,178,203
141,205
178,263,48,250
134,236,265,277,266
141,251,272,205,280
231,209,34,219,263,141,249,275,162,264,44,48,177,174,134,204,192,260,250,244
275,272,174,265,266,150
236,34,88,218,255,225
255,267,175,185,287,162,218,258,45,288,177,105,134,269,192,197,280,156
205,246,272,88,218,45,48,177,255,105,204,232,120
189,258,134
271,287,249,189,45,134,281,150
271,287,249,45,150
117,267,34,189,242,190,258,115,238,105,134,192,183,120
141,275,189,162,290,44,48,255,174,285,260
282,242,269,271,292
259,246,278,267,34,186,219,251,262,263,287,272,283,249,211,189,236,162,221,253,270,274,222,218,264,190,168,229,48,177,203,255,174,134,204,192,183,197,271,285,225,281,280,161,260,232,120,265,243,250,156,56,293,266,244
244,200,236
189,162,222,177,204,265
218,267,251,283,264,238,174,204,197,271,281,232,250
272,241,175,287,236,162,253,258,115,254,48,177,174,269,197,271,292,248,243
253,267,175,141,289,274,222,45,174,232
115,219,283,249,193,250,266
248,262,287,168,115,234
204,219,251,275,253,222,218,264,44,174,134,192,197
218,175,251,259,88,115,229,238,280
249,246,267,241,34,186,219,251,262,259,273,291,263,287,283,275,189,236,162,286,253,222,218,190,168,258,115,234,288,48,177,203,255,174,105,134,204,269,117,197,271,285,225,281,292,260,232,120,265,156,277,284,266,150,244
283,267,228,232
218,278,137,267,175,186,185,251,262,273,291,287,272,141,283,249,289,275,268,189,276,236,162,286,221,253,274,222,264,190,168,228,229,234,45,254,177,203,238,255,174,134,204,269,205,192,183,197,271,285,225,281,280,161,193,261,232,265,248,243,250,231,156,277,56,284,293,233,266,244
34,267,175,273,253,222,218,264,258,177,174,204,205,117,181,120
34,283,258,204,117
192,204
255,200
250,278,34
120,209,278,273,249,275,276,221,253,288,254,48,134,204,197,225,231,150
289,205
266,236
134,267,34,175,219,185,29,291,272,188,275,189,276,162,221,253,270,222,218,178,254,48,177,203,255,174,105,204,197,292,260,193,181,120,265,156,277,266
251,234,271,248
134,277
205,162
205,162
222,203
120,117,197
242,189
251,282,34,175,249,275,236,221,253,222,190,258,48,203,174,204,117,192,197,232,120
