18
17
6
6
15
16
5
5
14
14
13
15
15
1
1
5
5
16
15
15
17
17
8
7
19
17
17
5
5
4
4
5
5
12
11
5
5
5
17
18
5
6
1
20
16
16
6
5
9
9
7
7
9
9
1
1
4
2
10
9
5
9
9
5
5
5
7
8
7
5
17
10
9
17
17
5
2
4
4
17
17
1
1
4
6
5
1
1
15
15
5
6
18
5
7
7
5
10
9
9
6
17
18
15
15
15
5
5
18
1
1
15
15
5
5
5
5
9
7
7
5
1
1
1
9
9
6
18
5
5
19
4
14
15
1
14
14
4
4
13
14
14
18
14
13
7
11
12
19
13
17
17
17
18
17
8
8
7
8
7
4
7
2
8
7
13
17
7
7
9
10
14
9
9
2
2
9
2
4
9
2
2
9
9
9
2
9
9
9
7
4
2
4
10
10
9
15
4
12
11
9
13
11
11
13
2
12
11
2
4
16
16
11
11
11
15
15
15
16
4
4
16
12
15
1
16
11
16
15
15
9
1
4
11
13
1
3
3
1
1
1
11
20
11
3
3
3
11
15
11
15
3
11
11
11
12
11
13
15
9
1
16
11
3
14
1
1
14
13
7
18
14
14
9
7
14
3
14
18
14
14
12
7
1
14
1
13
13
4
13
14
13
13
11
16
11
12
16
13
14
14
2
13
9
14
16
14
12
21
12
11
1
14
7
13
14
9
17
7
9
18
14
19
4
1
11
7
