23,24
70,71
149,150
56,154
155,156
157,158
175,176
198,199
215,216
125,219
221,222
233,234
236,237
266,267
276,277
316,317
318,319
328,329
336,337
355,356
18,362
392,393
146,400
15,172
451,472
477,478
495,496
360,497
80,502
509,510
517,518
519,520
527,528
38,529
358,531
199,535
576,577
38,580
531,589
614,615
617,618
228,633
228,650
255,666
675,676
92,96
681,682
685,686
436,691
699,700
41,705
733,734
475,744
749,750
18,761
15,500
337,613
769,770
592,787
789,790
38,791
796,797
800,801
296,398
18,807
812,813
281,814
819,820
86,829
838,839
473,840
848,849
274,875
884,885
893,894
928,929
27,942
584,951
954,955
296,641
590,958
961,962
180,737
881,1001
410,1005
15,1020
417,1023
707,1024
499,538
210,1068
240,1082
1089,1090
1092,1093
257,1106
1107,1108
1125,1126
64,1137
538,1141
1157,1158
160,584
1163,1164
1176,1177
202,1191
1194,1195
1122,1198
1203,1204
1209,1210
1211,1212
24,1215
38,1221
42,1006
199,1112
1095,1239
1245,1246
1228,1247
199,1249
1251,1252
1258,1259
1260,1261
410,1273
38,203
1292,1293
1313,1314
213,403
29,1331
24,551
1357,1358
688,1370
1389,1390
1391,1392
211,1396
1397,1398
1408,1409
199,1412
252,1415
716,1419
490,1422
1423,1424
1445,1446
199,1118
1279,1468
366,1477
693,1501
366,945
1251,1502
688,1526
327,1547
1560,1561
1564,1565
152,695
63,1576
29,1577
1127,1581
1582,1583
156,179
86,1594
1067,1595
299,1206
15,1600
26,1616
1617,1618
220,700
1627,1628
62,1631
1322,1649
64,1651
688,1655
239,393
1025,1503
41,1366
295,1671
1677,1678
688,1691
1332,1694
1695,1696
4,1709
170,538
1713,1714
1715,1716
1719,1720
538,617
688,1721
354,1726
1323,1735
1736,1737
53,995
1747,1748
258,437
1757,1758
1197,1573
811,1345
840,1786
1728,1787
908,1788
1794,1795
73,129
1805,1806
296,1815
29,1817
47,1829
789,1384
1837,1838
203,1217
66,199
93,611
1868,1869
676,1501
117,1874
575,798
345,1061
1404,1885
441,1593
130,1898
1748,1899
842,1344
1921,1922
498,1923
1336,1884
1925,1926
1934,1935
914,1318
1938,1939
296,787
389,1949
1952,1953
29,1956
1546,1951
538,1973
602,1963
156,1993
549,2001
1001,2006
2012,2013
115,1027
33,145
276,2022
1698,2030
801,1637
160,2042
538,1277
1087,2051
1085,1963
239,250
18,2065
2082,2083
239,1530
38,2087
1236,2088
1481,2093
656,2096
700,2099
38,2102
700,1602
1610,2110
437,548
51,453
366,1463
1025,2116
1610,2117
83,1336
616,1277
944,2121
987,1048
66,2133
2135,2136
181,547
29,2032
2141,2142
154,155
2143,2144
208,805
366,2154
1160,1998
15,1283
29,2175
1907,2177
964,2184
180,2186
552,2190
1058,2191
903,2195
856,2199
15,2211
1963,2212
128,2218
25,1413
1531,2221
196,222
438,2224
2016,2231
177,354
2232,2233
1392,2239
81,673
29,531
366,2248
64,338
15,499
2257,2258
974,1766
2265,2266
1800,2267
1918,2268
38,2272
29,1143
296,2275
216,574
1214,2248
720,1480
1495,2279
1381,1736
1207,1661
29,1929
199,1097
277,2284
2285,2286
2291,2292
2241,2294
233,944
69,1799
538,2304
173,513
542,1310
2016,2310
360,558
882,2313
38,2314
306,2316
787,1331
689,2320
2321,2322
2302,2325
2326,2327
1050,2342
818,2345
2349,2350
436,2355
2356,2357
538,2358
2246,2364
563,758
2367,2368
749,1369
1894,2370
480,2371
237,2274
688,2372
2375,2376
2240,2378
1162,2379
688,2385
683,1372
679,1505
2387,2388
365,630
839,2296
700,1623
2396,2397
1154,2401
1302,2404
2406,2407
1832,2408
38,139
114,2413
625,2421
1121,1698
41,2426
2345,2432
357,1132
222,2434
10,1004
2440,2441
98,1929
1169,2011
1108,2465
2467,2468
70,551
29,803
2470,2471
173,514
294,2472
1612,2474
366,972
1487,2476
807,1578
538,2478
366,505
2482,2483
2486,2487
1096,2489
47,63
252,1062
4,41
1656,2411
963,1944
2498,2499
1088,2500
143,2018
1814,1914
698,2513
1610,2515
2521,2522
154,2523
523,2525
276,2532
1297,1402
29,1340
829,1688
1781,2547
1952,2553
29,2535
930,1965
1008,2459
973,975
1783,2559
1052,2562
1590,2564
154,592
1255,1864
51,995
348,2570
296,2575
1474,2576
1925,2577
543,906
1533,1959
1443,2585
2145,2587
2269,2588
117,1010
143,2590
2591,2592
2593,2594
362,2597
612,759
2464,2598
2604,2605
597,2610
49,1050
514,2614
1431,2622
534,2083
198,410
29,1009
17,920
2628,2629
473,793
105,2633
1959,2639
992,2645
295,2646
1630,2648
66,2657
681,2659
578,1951
263,778
228,2671
306,1979
1361,1599
8,88
2109,2678
258,405
1963,2519
2595,2687
331,332
29,2690
2691,2692
15,1494
2701,2702
933,2329
29,2711
1098,1342
748,2728
959,1657
811,948
1885,2365
407,2737
29,2739
437,837
296,2746
277,505
1264,2676
386,634
231,1731
1423,2758
977,2766
2752,2767
703,2768
693,2772
2342,2773
578,2777
648,1645
296,2781
15,1965
749,2788
2794,2795
2799,2800
688,2801
2434,2804
2477,2643
2825,2826
222,840
51,2594
1169,2829
694,2830
238,2831
681,2833
1121,2836
88,2849
2213,2851
2103,2389
433,2854
1569,2856
1112,1213
86,344
2016,2824
2862,2863
38,2867
1206,2868
24,1891
228,2876
325,332
514,2880
2063,2882
2675,2885
1857,2888
248,1602
119,234
1025,1856
1304,2897
366,636
238,1225
19,1321
703,2103
478,1162
145,370
280,432
199,449
272,2917
2182,2919
228,2922
172,930
277,700
518,2228
562,1494
2928,2929
700,1637
277,1503
301,1471
1623,1664
688,2939
693,2940
882,1371
2945,2946
792,2149
732,2952
38,521
432,1237
366,2184
29,798
766,2869
2964,2965
1712,2967
13,452
51,222
772,775
1030,2976
538,2977
451,1046
433,2393
639,1155
1053,1463
29,2980
688,733
2203,2985
2989,2990
993,2991
935,2998
307,3001
1120,1491
145,153
491,656
17,143
2361,3014
959,3020
1401,2170
3025,3026
1127,2181
721,3027
15,381
1586,3029
3030,3031
1830,3032
589,3033
758,3035
615,671
491,1282
394,1121
380,3040
1373,1799
1,3044
380,2573
172,436
521,3051
3053,3054
1050,3055
279,1437
482,672
41,62
1803,3061
825,921
478,3065
538,2579
2123,2706
210,1206
198,3070
1870,3072
222,3074
1429,2294
161,2223
921,2973
1891,3081
218,2226
505,700
196,966
889,3084
3086,3087
81,959
2484,3092
294,3095
3097,3098
688,3099
222,2048
1779,3105
1339,1710
136,1583
2300,3110
1464,3113
296,3121
1129,1208
688,3128
473,2973
442,731
537,3132
26,1081
228,2452
119,2214
1854,2661
38,3147
278,2319
1108,2960
3024,3151
222,1915
1328,1534
69,3154
966,1025
42,878
1660,2043
1128,3159
24,394
754,1890
874,1621
2873,3166
848,1672
2726,3172
1801,3174
1453,3175
795,3176
1634,2475
64,433
92,1432
1872,2605
703,1038
696,3178
29,1802
602,3180
1212,2414
1594,3182
202,2919
38,291
3183,3184
1567,2935
538,2193
1075,3189
1620,3190
222,3192
1902,2099
310,422
1383,3194
136,3196
1284,3197
201,1333
988,3199
2856,2934
1434,3201
199,222
344,3205
688,3206
92,435
1610,3207
870,3208
212,296
2316,3212
1200,3213
1170,3214
228,617
2227,3140
352,1389
151,1895
571,1267
61,2171
199,585
2420,3108
2013,2356
3223,3224
688,3225
2414,3227
366,982
194,468
3233,3234
508,649
79,966
473,966
448,603
17,26
947,1534
2528,3245
3249,3250
1167,3251
1251,1258
38,1985
656,2735
3259,3260
71,703
1035,3262
1751,3084
3163,3263
3264,3265
194,3266
38,3272
1182,2825
385,3088
160,2762
2789,3274
41,3276
1043,1475
366,2120
2073,3278
2227,3281
982,1169
395,478
852,3287
204,3288
3292,3293
10,3294
1226,3296
199,296
890,3300
811,1144
2624,3303
29,1798
545,2893
38,3309
66,3306
582,1217
436,1588
382,827
372,1035
140,856
69,154
180,1048
41,339
1132,3327
526,3328
1590,3332
329,3336
1421,2169
29,1228
222,1196
754,2080
629,2043
433,1503
1440,3346
436,2847
3349,3350
1222,2677
38,3098
1101,1102
722,3351
1143,3352
199,746
1546,3354
854,3191
3028,3356
958,1192
41,693
2740,3358
616,3359
436,509
1011,3360
366,723
41,3119
117,602
551,3362
2756,3268
172,538
754,1723
38,707
2309,3373
296,2119
2079,3374
2495,3375
2602,3379
38,583
448,3382
508,3384
1610,3385
1151,2171
1300,1814
3391,3392
1481,3397
688,3398
380,1494
15,1277
28,258
221,3401
933,3402
390,3404
29,1587
237,2787
66,366
700,710
348,703
94,981
1184,1546
688,3414
448,811
382,3417
946,1279
1571,3419
108,338
41,2170
3422,3423
279,1548
41,3427
404,868
29,538
211,1398
433,1803
2591,3432
592,2743
1743,3434
793,3356
2999,3435
741,3437
24,972
2250,2562
37,3445
693,3450
523,3454
608,2670
196,571
2970,3455
3456,3457
760,2909
730,1066
860,1218
3458,3459
762,2770
35,1851
41,3460
2362,3462
29,408
2323,3464
301,3465
41,3388
38,3466
3467,3468
1610,3469
29,3094
577,3470
2449,3321
712,3472
295,3475
2458,3481
112,3482
3415,3484
2632,3485
2050,3486
41,1383
28,550
2733,3490
253,3492
15,3493
521,3495
1251,3496
51,971
18,1603
571,3501
1435,3502
86,3503
248,1323
87,616
995,3489
382,1985
538,3509
2481,3510
38,3512
2586,3513
2101,3238
410,2891
140,2230
38,3516
397,3518
1232,2120
301,2546
1308,1537
90,3519
2129,2873
29,3524
388,688
342,3526
18,249
964,3528
483,3531
1925,3532
3533,3534
1988,2336
538,650
366,966
41,1275
3079,3543
933,1263
338,700
189,3549
1159,3551
38,2542
1050,3554
38,3557
277,1061
3431,3560
3021,3561
3564,3565
1732,3102
38,1561
688,3567
2245,3568
3183,3570
1149,2252
180,2173
254,3572
38,1116
24,211
3059,3573
816,2370
38,2418
1169,3574
2169,2352
700,1118
563,823
301,1401
3581,3582
29,3583
212,1455
1270,3341
448,1249
136,3588
2299,3425
1541,2346
1396,3589
2024,3591
10,3104
2388,3592
176,1831
24,1602
425,3596
202,3597
199,1281
146,3603
2810,3605
1541,3598
79,276
3607,3608
563,3144
3609,3610
3497,3611
3350,3612
2560,3488
681,3092
196,2306
1039,3614
1590,2148
3566,3618
504,3320
1596,1817
508,2258
222,333
296,3601
38,3087
957,3621
86,222
731,1442
64,1658
210,1321
160,3623
1779,3624
963,3627
26,1133
550,3298
366,3633
664,1634
1610,3636
608,673
1674,3556
2519,3638
26,3641
3339,3643
81,1050
923,3649
871,2758
1366,3650
51,451
123,1861
29,3562
2825,3652
707,3654
2039,2986
24,206
38,2999
79,938
985,3658
1402,2893
4,394
156,199
29,299
2761,3661
1635,3135
159,635
1857,2174
3664,3665
1401,2532
117,1682
688,3670
786,1851
501,538
1788,3678
3680,3681
72,994
3129,3513
1017,1990
480,3684
1803,2004
2569,3685
141,408
1228,3688
199,542
296,3689
1141,1480
3696,3697
212,276
863,1284
3160,3700
51,480
521,3163
1803,2448
196,3706
3707,3708
1033,3709
3085,3710
3713,3714
551,1235
1028,3718
43,309
13,1354
2131,3724
1595,3725
2009,3726
41,2695
3727,3728
29,2546
167,3010
175,2229
404,2097
1226,3732
199,3247
238,1588
900,3733
64,3734
960,1472
26,3164
24,1150
86,3739
2253,3498
88,2656
342,3090
914,3747
29,664
597,1554
1224,3753
519,998
222,1482
700,2184
802,3084
1284,3758
29,1994
29,178
125,199
2150,3766
551,3767
1749,2248
296,315
2750,2811
1657,1777
2214,3771
404,1773
507,912
15,3773
2992,3775
398,433
24,2340
311,2326
154,3777
627,688
4,731
3631,3783
2562,3785
1950,3786
133,2204
1114,1455
270,2764
491,2933
26,2924
643,3794
3795,3796
2456,3299
433,3797
301,1309
3801,3802
137,3804
611,3805
2938,3806
1366,2558
64,2350
154,296
411,479
2835,3078
258,1990
450,2466
166,258
281,1006
86,2698
805,3798
33,1439
630,3811
32,51
111,543
1050,3673
1233,2076
1740,1782
491,3815
873,3260
1552,3816
70,3817
437,3179
1692,3818
1213,2021
276,700
2693,3141
3434,3824
29,3825
1000,3828
45,102
1458,3832
544,3200
224,380
2557,3345
754,1040
366,2105
1277,1336
2632,3837
1392,3840
2537,3841
2918,3842
59,3844
688,3845
26,2875
58,1740
26,87
69,449
787,1259
930,1240
29,3193
513,515
2050,2946
299,1187
2318,3854
863,3856
332,2722
933,2132
89,242
521,3861
128,3744
3823,3865
823,2370
29,92
1170,3868
29,2508
3104,3871
1391,3876
611,3879
27,33
105,196
2566,3882
1666,3883
2055,3103
161,3888
731,1085
2797,3806
2519,3065
597,3896
38,1085
1113,3897
619,3898
28,916
2565,3899
295,1644
2214,3041
378,3904
1894,3789
415,1731
427,2871
698,3910
1610,3911
164,2892
117,696
29,245
622,3913
154,3914
3918,3919
1179,3920
1169,3924
245,1586
1602,2911
860,3928
1214,1223
41,176
529,2667
1502,1755
2904,3930
1619,3934
929,3935
2044,2529
982,1229
688,2754
1279,3938
1232,3939
38,3940
1554,3943
1610,3093
2400,3874
324,2784
29,3275
71,1525
1366,3949
1365,1796
1610,3951
26,1020
2791,3954
9,487
129,903
3117,3958
573,1687
539,1376
1386,1850
1168,2244
1277,1894
15,1076
29,574
199,2229
3333,3787
579,2605
743,3283
370,1779
1114,1502
247,3962
967,3027
366,3963
688,3965
277,366
167,3966
3107,3118
1172,3542
1640,3863
15,315
38,3972
381,640
688,3973
469,2348
2196,3974
29,3975
15,134
62,68
1676,1937
538,1336
70,3977
38,3978
1469,3979
3697,3981
277,944
688,3983
1209,1882
700,1740
1708,1863
1251,3553
746,1081
1229,3745
688,3991
399,1353
512,717
293,312
861,2569
1284,3993
24,1085
1830,3996
882,2931
38,3999
3434,3685
396,2116
24,66
1091,4001
199,742
222,4002
965,1121
38,2713
2599,4003
720,1591
643,3207
103,1484
688,4004
108,2549
422,1249
79,2862
690,1137
1070,3514
1603,4015
883,3651
1503,4021
579,4022
3818,3992
129,538
1100,1401
4023,4024
29,2908
29,587
29,560
40,4027
394,1455
189,4028
551,4029
119,136
251,1169
3093,4031
2198,3326
534,2239
1610,4032
1916,3526
296,406
4,29
38,4036
3020,4037
1173,2551
293,2685
169,3009
866,4038
15,408
1491,1504
10,4041
382,4042
38,1753
224,749
923,1611
529,786
29,4047
29,125
1394,2914
2877,4048
1624,4049
148,1207
2096,2298
38,4050
62,2317
338,473
79,277
707,3932
1851,2835
853,3089
38,437
688,4053
4055,4056
3988,4057
1900,3751
244,1498
80,422
471,484
603,1596
1522,3980
1050,2981
441,4070
2005,4071
76,128
378,2359
18,2212
3255,4072
3097,4075
397,4077
437,4081
366,602
1355,1901
276,2496
196,277
42,342
2511,3310
154,2203
463,2481
1547,2924
50,244
1664,1816
574,4088
156,700
24,136
15,129
163,1449
69,1742
2665,4097
2189,4098
92,404
1475,1604
199,944
1483,3185
2004,4101
2606,2987
646,1501
1290,4102
86,4104
370,4107
1305,2583
594,4109
1767,2784
1412,1453
733,4113
345,2589
153,3550
488,898
688,4114
258,4115
26,774
565,2176
106,3748
529,667
297,592
1160,3463
219,1007
1401,3254
427,3461
38,4034
1032,1083
41,3909
2613,3989
64,4122
572,4090
2280,3421
816,1063
852,2664
3505,3889
1,1110
348,2002
4126,4127
29,2753
39,4129
370,2585
700,2944
1675,4133
262,4134
2767,4135
117,4137
2457,3471
1998,2935
2170,4141
2447,2938
2915,4049
658,1435
688,4142
64,4144
199,700
719,2053
4147,4148
2342,3880
2026,2507
551,4152
688,4153
604,4156
1169,4157
199,1345
1143,2390
929,1384
2473,4165
38,4000
295,1606
1052,2921
2540,4173
795,2437
448,3413
296,964
1840,3890
29,995
1,1461
538,588
995,3253
832,3183
2235,4176
239,4177
1610,4178
1251,4180
1174,1563
52,4182
3465,4183
1289,1347
143,933
296,546
544,3731
296,1799
886,2273
959,2424
4087,4187
1814,4188
1638,4189
3736,4190
1752,3839
79,1637
709,718
64,4192
2234,2263
1,3449
404,488
145,892
427,2859
2015,4197
199,2509
260,4199
2950,4200
4061,4202
199,2035
490,1151
1799,2179
234,700
196,2554
2470,4208
861,2213
1206,4209
26,1067
2120,4212
250,1546
700,944
88,4215
1610,4217
1724,4218
15,170
41,154
2512,3080
29,603
227,245
38,2989
224,4222
29,3115
883,1740
2415,2716
222,1776
693,2663
681,4225
199,3478
636,4226
739,2100
1226,1296
3312,4230
38,508
442,1564
693,1819
29,86
257,508
1085,4236
436,2993
198,4238
731,2383
505,1816
276,1117
18,1909
731,1332
2302,2437
29,4241
2078,2492
29,2637
4243,4244
1150,1249
903,1527
94,528
681,2388
410,2574
29,4250
1693,2730
933,3834
1636,2322
29,4255
786,4257
1985,3480
638,4258
786,4259
222,1481
2966,4263
1058,4264
9,532
560,4266
887,4267
29,216
1498,2430
531,3569
1883,3308
681,4268
3801,4269
238,2732
566,602
1542,3941
382,4274
172,266
1799,4279
41,4280
2996,3581
550,2650
160,296
2610,3587
243,592
1514,2435
137,1287
201,2473
2744,4283
276,4284
589,1013
299,972
244,2053
55,2032
951,1385
2714,2797
1329,1784
79,945
15,4287
1269,4290
999,3675
1699,3100
1669,4293
1245,4295
798,2114
29,2115
4298,4299
47,3968
2641,4301
29,117
29,1307
427,4302
212,1269
935,2165
1007,2667
673,2744
29,631
47,3324
1255,2064
29,447
531,4136
15,4174
3410,3671
317,4311
94,408
167,934
2565,4313
390,946
29,51
338,4314
1136,2265
1000,4315
3097,4316
3648,4317
673,1032
614,4318
2118,3479
3586,3908
1437,4084
3495,3788
42,1077
1808,2227
154,4322
29,119
38,4324
494,4131
924,3257
34,125
2473,3088
2965,4325
147,1474
29,724
146,4329
312,3970
29,4331
29,1335
222,259
1512,1998
222,331
277,811
2789,4336
369,1901
29,206
161,4337
707,3763
539,731
1584,4339
34,700
577,4110
942,1362
120,4345
126,692
1366,4346
874,4347
2484,2705
906,2158
1621,2060
2937,4349
871,4163
33,3048
681,2290
564,1321
129,4351
1610,4352
199,239
1573,4353
3982,3985
442,1302
1629,2455
2275,3057
514,643
29,771
872,2295
381,669
378,4166
980,2108
254,1059
479,3158
1383,3770
3744,4356
2388,4358
155,1746
1353,2206
1798,2370
404,1009
2208,3753
136,679
688,4361
3315,3555
229,4362
2900,4364
378,3671
222,1091
29,419
27,824
427,4366
26,172
592,1159
145,1538
18,33
601,1458
1919,2806
2974,4371
432,1081
951,3593
700,946
786,4372
592,4373
1086,4374
594,4376
1610,2886
353,4377
3351,4060
173,963
1255,1564
154,1459
380,2917
784,802
2091,2214
64,2938
1610,4381
883,2769
1337,3431
700,1474
2861,3791
688,4384
572,1238
859,4385
38,4386
64,745
2033,2704
38,3984
1,2632
296,4390
1656,3536
360,391
2198,4392
1254,3408
24,3018
199,1280
1111,1150
222,3202
29,1919
29,1027
296,1169
38,4399
1637,1761
154,3338
489,2010
1807,4400
160,1925
1659,2949
541,2967
370,1590
668,1246
1764,4403
79,1596
29,762
86,4407
125,1586
863,1069
164,4408
315,2683
865,2803
863,4414
492,1189
417,1031
277,3667
289,4415
243,369
720,889
746,1032
333,4289
41,389
693,2145
1466,1767
682,3759
108,2891
38,4419
38,64
645,4252
1947,3581
919,2207
1767,3376
684,2107
4423,4424
1050,2727
1564,4427
296,3322
1074,1201
244,2935
935,4430
206,4086
688,4433
3205,4434
239,995
1457,4436
366,2664
700,943
519,4438
23,4243
616,1240
1169,4439
531,4440
333,1961
276,2340
229,3286
2053,4444
372,2451
800,964
29,754
1642,4446
1801,2015
855,1766
1118,1121
1856,4448
1584,4074
122,296
70,1476
154,1983
296,979
199,2119
29,2225
11,997
316,2332
36,379
66,212
529,1463
66,1098
1708,1761
214,4455
3713,3931
602,689
160,700
342,2090
342,4461
1076,1331
3985,4463
1090,4161
18,226
43,3017
1817,4464
93,3268
688,4465
565,1832
486,3719
1594,4466
15,4467
79,1224
2818,4468
1657,2814
714,1398
703,4471
29,1557
15,783
2005,2308
93,4019
632,1414
96,3291
680,2403
38,4475
366,433
1919,3647
592,1162
1262,1497
29,2855
1907,4477
1656,4478
169,1067
2094,2792
18,2204
3936,3944
404,762
4008,4481
224,264
160,4483
1490,3001
4263,4485
423,1279
33,1275
29,88
1725,3958
329,3950
778,4487
1368,1896
143,145
276,731
892,1837
145,1348
1855,2288
688,4489
1277,4239
1085,1117
369,2730
1248,1338
56,276
191,604
4,2361
40,189
661,4495
79,1389
770,1175
1892,2567
29,222
38,4080
568,3578
41,4497
882,1917
1437,4499
29,1363
645,4500
2204,4501
389,1409
1338,2026
688,4502
29,2049
245,4125
15,4503
3941,4504
29,344
2149,3318
24,179
51,928
1812,4505
206,3830
778,3411
2196,3316
718,2563
34,1686
483,2990
366,4510
3203,3576
29,3529
785,2755
995,4513
296,2324
887,4514
2299,4462
199,332
29,2682
366,1664
369,2782
1277,2452
804,3615
444,611
546,4517
744,3436
129,618
29,4518
458,1014
816,1841
2495,3303
38,4519
802,1684
1174,3016
29,4049
433,4520
51,74
1088,1957
2142,2759
18,4521
1751,2854
592,2937
1400,2765
2414,2611
565,856
367,1528
2151,2152
673,3692
1734,4525
224,4526
1594,3468
51,754
448,1175
2183,3021
79,427
1099,2402
1610,4319
64,4528
681,4529
493,1142
144,3922
258,1866
700,1803
742,2959
1258,1476
1585,4533
2235,3132
2563,3913
678,4534
83,379
491,2131
1830,4536
206,1729
851,852
136,4538
2365,4540
700,2519
4541,4542
56,943
590,1290
565,4543
1214,3629
26,51
209,1963
1752,4544
1279,2263
212,1863
688,4548
81,667
2690,4549
2388,4550
455,4551
4552,4553
38,1900
10,4554
1142,3329
4006,4555
39,622
394,2132
4558,4559
145,369
97,1202
3906,4480
2532,3392
395,1635
1485,4261
599,856
2749,4564
478,1144
298,2180
542,2361
1610,4565
521,4567
146,610
1952,2613
1664,2902
410,1032
194,549
553,1741
934,3448
3801,4570
2053,2103
538,1240
86,521
582,1065
3381,3902
1480,3915
296,1749
764,1400
544,949
480,2617
1084,3058
1807,2840
364,4066
786,4572
29,3575
15,26
1108,4574
38,4561
1136,4240
1792,3238
4576,4577
726,2594
892,2431
2412,4578
173,2305
47,2841
381,482
4579,4580
1856,2519
38,2450
1610,4581
3366,4582
754,2552
86,1590
3598,4583
615,1900
1028,4584
142,451
338,1082
331,443
985,1277
741,2729
3042,4590
956,3710
100,787
38,637
296,4243
911,2047
830,1548
15,1778
1376,1399
1401,1574
1796,4597
2050,4598
18,4271
228,3509
1474,1817
216,647
3050,3919
618,3226
35,356
508,4602
687,2029
276,1583
1070,1430
296,4604
29,1679
491,4605
736,4606
1455,2045
1869,4607
688,4608
1182,3527
69,3049
889,1409
730,1952
491,1069
15,398
296,4611
722,3595
609,4313
2779,4149
1025,1664
20,4615
47,3161
2180,4223
1862,3325
1664,2157
3874,4618
222,1038
372,4619
2409,4620
602,3904
947,2805
24,4535
61,882
29,1597
154,1067
933,2668
1866,4621
164,986
3418,4118
533,4623
1773,3424
106,374
29,173
449,787
669,4625
71,591
1319,4629
1968,4363
29,1613
38,4631
29,359
688,4633
408,1190
286,2312
29,2899
1202,4634
317,4636
192,347
2016,4030
2702,4573
2254,3829
31,2591
222,4412
160,1169
3171,3987
4294,4638
2533,2862
1780,4641
701,1088
129,1964
144,1212
38,4642
2695,3677
268,2800
538,1965
1523,3555
444,1514
4,716
377,513
296,4630
609,704
524,1572
1856,2624
154,4645
144,1620
513,1608
204,4646
2566,4647
768,2883
811,3489
2449,3127
1164,4650
276,4651
444,1147
3877,4652
4653,4654
85,451
788,995
995,4655
4656,4657
2470,4658
222,4659
738,2755
1906,4661
1011,4662
64,643
296,882
1145,4663
475,1911
29,2696
3045,4664
423,1528
1003,1706
1438,3052
132,2100
38,1927
1558,4452
688,4666
239,3756
798,2958
4667,4668
29,4669
1554,3093
693,2498
26,4671
29,1670
296,1115
2716,3376
2271,2654
376,1327
1603,1803
1401,4479
295,3953
296,551
1277,3887
1463,1521
3063,4064
8,1406
29,78
1203,3267
528,1303
643,831
2560,4256
681,4677
41,659
688,3483
248,1150
199,2237
799,834
1556,2744
2688,4679
1855,4680
1108,3884
41,1113
38,2070
24,1487
284,1520
2966,3176
125,1043
339,1489
3696,4685
151,4399
474,1977
1245,1490
852,3945
406,2277
2560,3995
1462,2209
963,1478
55,2839
154,1396
1236,2596
688,4690
316,1484
2322,4693
4694,4695
864,2978
52,602
786,4623
3230,4367
576,4697
1530,3444
136,4698
895,2006
449,470
1752,2893
999,2905
64,990
591,1009
1602,3301
2481,2755
765,4701
1098,4703
1894,2452
102,3901
416,2438
156,591
222,3038
1448,3303
204,1179
382,2074
38,1163
404,972
3256,3784
458,1896
2851,4705
529,3195
3303,4706
213,4292
26,3869
105,2104
861,2040
18,370
1284,4707
1620,3782
3736,4708
2396,4709
154,3252
3851,4190
206,592
222,2156
18,4710
460,2559
2388,3790
681,4711
566,1041
143,1445
2701,4146
29,2960
498,4170
51,4714
235,2591
611,1224
1345,4715
312,2550
1366,2599
135,2452
478,811
219,4717
2104,2615
408,540
33,647
1277,1504
38,1769
1072,2131
213,4720
2971,4721
4722,4723
4556,4692
77,4577
1006,4626
228,501
609,2399
3989,4724
449,840
199,1637
508,3870
1844,3372
244,2397
1200,4285
2272,2551
1802,4490
117,296
427,516
3735,3985
688,4733
222,2680
288,4734
8,29
700,1121
228,3684
18,4555
966,1396
1610,4736
38,4737
1564,2342
318,4432
29,1258
160,4539
1817,2538
746,2664
63,2841
3046,4740
38,4741
1793,4742
2633,3571
17,930
41,338
104,538
189,4123
1145,1332
645,765
2915,3813
476,4387
534,694
164,4458
890,1632
2134,4749
117,3107
184,3331
940,1511
917,3323
24,4751
95,2329
1108,4753
1989,4755
277,1010
680,2745
18,551
1503,1630
436,930
3769,4756
1336,3778
1011,3864
1206,4757
965,1856
69,4758
620,1265
116,3606
2081,2926
645,678
1610,3245
124,1127
4479,4759
2260,4281
1413,1976
738,4762
26,361
592,1816
753,2580
1873,3365
3160,4765
4410,4766
338,4767
534,1061
366,4768
38,4769
1730,4570
688,4689
432,2873
1610,4595
119,961
2436,2896
1870,2511
51,1087
851,1034
497,1128
3130,4772
2470,4773
995,1268
1228,3580
914,4674
380,2099
29,4776
2356,3985
1952,2544
338,3112
1480,2358
1340,2529
700,1085
538,4051
212,4768
1411,2438
198,4778
1302,4779
859,2900
125,296
2688,3720
31,3458
1199,1912
99,1166
315,4077
15,694
2736,4784
366,1074
169,4785
2415,4788
1882,2091
3320,3800
366,2713
17,39
1626,1905
592,1479
398,4447
33,4792
1366,4794
1469,1898
1817,4306
4152,4333
15,338
606,3515
514,3059
22,3362
966,1010
366,404
3598,4797
199,1487
81,3948
29,2526
8,647
700,3106
823,2700
2194,4522
688,4799
33,1103
199,2718
406,2797
143,1770
1894,3012
2302,4589
818,1933
1934,3922
538,1181
129,3882
4312,4322
41,69
244,2287
1490,3458
513,574
296,603
18,4806
38,4807
3441,3769
3775,4808
205,1950
966,4810
357,3927
388,422
1590,4335
141,388
2649,4812
1952,3578
336,4813
201,4160
228,2972
1162,1656
700,3189
39,4616
1081,1100
590,1940
700,1003
24,4058
68,1356
1928,4815
1136,1521
3766,4817
199,1474
2748,4818
643,3267
222,448
24,366
1226,2414
1056,1524
29,3171
154,3736
154,380
537,4484
115,1421
4822,4823
432,2797
369,4824
4165,4825
64,4493
1127,3979
136,342
548,4826
406,433
455,1074
41,4827
1356,4829
211,4830
643,4831
602,950
436,4832
59,4833
811,1280
1381,2906
378,1288
244,1488
41,963
38,4115
33,2454
1435,2616
146,4838
1379,4839
41,4840
3069,3685
437,2243
1110,4841
554,2888
842,4700
213,960
199,1121
688,4843
127,2490
199,224
199,1963
1610,4844
1701,3698
656,1775
409,2281
1179,2341
41,3242
228,3969
843,1483
206,2580
64,4845
15,4846
521,4847
120,406
1690,4850
47,4076
397,4852
160,883
704,2747
2337,4853
200,3416
1463,4854
841,2825
681,4049
316,629
410,4855
38,2936
473,1586
76,2988
1430,4326
1462,3304
398,2023
225,1087
160,4856
2304,3136
27,3187
1936,4858
2173,2779
2889,4859
136,2675
1011,4359
428,4860
1277,3145
1108,4380
71,3729
1790,1807
81,129
462,1251
1489,4787
483,4863
2837,4312
779,4864
222,4492
982,4367
700,853
1758,2695
2199,2796
3874,4458
2034,2201
81,2172
1813,2686
1277,1699
538,3016
304,306
129,1277
521,944
1574,2608
2050,4869
944,4448
602,2142
1136,4871
786,4872
1110,4873
316,896
676,4592
136,947
2078,4793
369,4877
4144,4878
629,3616
444,4880
2333,4159
667,1319
798,1723
4882,4883
428,1072
2003,2477
886,2307
150,199
935,3248
65,3640
700,927
1968,3922
160,2016
1437,3133
196,3886
29,4211
296,2139
2733,4889
2821,4890
2899,4891
3088,4892
538,2559
456,2425
2504,4893
3057,4894
3344,4895
480,4594
607,4897
836,2455
67,4898
117,1254
83,867
947,2619
1828,2326
86,4900
927,1705
195,1760
4901,4902
1322,4903
688,4904
531,4905
3211,4318
988,4906
688,2518
47,4908
538,1283
25,2538
38,4509
3542,4910
26,525
4912,4913
2288,4914
1610,4723
1547,4558
1610,2757
179,3676
787,1650
1602,3107
832,4511
63,4916
1767,2086
26,3507
1639,2163
378,3257
688,4920
2414,4922
4316,4923
110,4924
41,909
154,1334
145,1821
1308,1539
554,676
29,404
250,846
1006,1304
1704,3283
846,4304
16,903
226,4202
199,4116
2016,3189
29,4928
700,966
1932,2213
67,786
1767,4735
1803,4017
693,2743
1251,3563
125,3754
700,2627
1315,2798
1290,1441
277,2019
473,4800
29,3255
4930,4931
94,194
2517,3084
1299,3870
296,722
618,633
985,1504
55,826
2894,4729
3080,4909
228,1622
3289,4052
202,235
3593,4934
145,4935
466,2903
551,4005
1641,2973
688,2185
1479,1880
1977,4796
933,4938
1380,2759
4401,4939
1110,3325
106,4835
154,882
1009,1040
853,1817
29,4929
276,4801
529,4945
733,4946
355,4947
29,758
700,1475
1480,3002
978,1533
150,2482
1224,2137
1325,1484
177,199
2820,2856
1542,1978
1318,3243
700,1664
26,3162
1401,2610
688,4949
2653,4950
964,1913
315,1246
681,3122
1162,4953
2528,3806
1049,4954
198,2170
604,1499
1469,2279
29,1481
10,937
688,4959
268,1092
18,4036
2038,2674
1168,2116
56,3455
15,3183
623,4962
165,1815
414,2760
222,1087
1113,3958
1143,4965
2081,3593
38,4966
1437,2331
433,3716
1639,2655
38,4967
454,541
1204,4968
1061,1121
944,1280
222,3890
1086,2748
299,647
508,4969
121,164
224,817
29,2360
2965,4480
3578,4971
1234,2451
1338,2519
688,1835
425,976
62,2785
247,579
3184,3277
380,2238
2026,3713
307,3452
24,3022
3429,4725
199,787
889,4089
700,2248
160,3337
44,2249
2254,3037
68,2607
38,4771
129,2671
69,4975
3638,4976
556,2581
508,4484
3367,3690
24,2747
2502,2902
29,911
631,4979
448,738
222,4980
481,2281
64,4983
75,660
199,3712
29,199
3039,4193
486,2245
29,1059
241,4985
199,1969
1943,2851
51,3156
199,1602
161,2419
125,4987
277,506
700,1529
1316,4060
1594,4683
688,1493
478,914
3808,4988
4875,4989
1162,1992
1610,4990
3218,3793
4106,4656
184,492
1231,4066
199,1874
1311,2763
1952,3453
161,184
404,1437
294,4991
222,592
1081,2166
944,2157
29,764
769,3895
1552,4169
92,2433
398,1302
688,3683
786,4993
82,1032
366,4994
92,2066
688,2652
3075,4704
602,754
1174,4017
688,4911
107,933
29,495
248,4997
959,2251
173,1143
50,66
199,2261
430,3060
787,1081
436,1056
1722,1861
1679,2540
1278,2402
3687,4998
995,1320
1610,4721
823,1504
296,3123
2950,3779
480,3956
1736,2417
222,1144
4657,5001
73,4568
296,4821
2069,3165
2557,4185
199,5002
700,1144
786,4718
778,5003
169,1559
269,3222
4252,5004
2791,3859
199,433
1329,2505
2900,4577
38,3300
40,953
1814,4234
541,1342
968,995
57,673
688,2895
622,700
526,3172
398,1100
1143,1438
24,64
394,2721
567,1265
959,1227
64,957
141,422
974,1527
2463,3631
700,800
277,2519
1798,2162
87,1964
2546,5010
30,2817
1864,5011
366,3926
199,2910
389,5012
29,4409
254,5013
38,1683
955,2813
1769,4849
29,1598
296,2289
1711,3847
731,2167
574,1251
277,4996
86,4745
858,2366
272,5015
700,1061
1657,4043
156,394
239,3634
38,3125
407,3520
700,1169
64,380
66,1216
1543,1546
473,2170
366,542
677,2466
161,687
1597,4614
1861,5016
1907,5017
1289,3916
234,373
1546,4790
3047,4415
2202,3600
2714,5018
700,1508
2886,3143
597,5019
295,5020
38,4956
2723,3057
991,5021
731,1756
25,2334
508,1570
34,2087
3343,3698
2591,5022
681,5023
436,4937
38,5024
2103,2170
211,2373
1924,5026
448,700
1087,5027
3173,4774
1504,1894
859,1811
29,1339
79,699
1108,5028
94,4332
1389,4422
963,4587
10,2414
879,5029
957,5030
459,1447
41,4299
3103,4460
537,1573
94,148
366,2202
3312,3642
434,3120
2750,4524
64,5031
26,2494
29,903
48,1842
944,966
198,2453
1630,3079
378,1158
117,2534
38,5032
1874,2168
384,2359
2994,4625
1038,1959
10,1291
968,1134
573,1522
753,1602
728,2728
700,916
2197,5034
771,1609
407,3586
2860,4926
1020,2452
315,2242
551,1830
688,4951
2558,5036
2905,5037
335,438
25,946
480,2922
725,1175
160,5038
2770,4213
53,727
964,2610
931,1032
29,1663
2862,3434
76,2152
665,1515
855,5039
29,5040
793,840
1762,2516
276,394
935,2527
29,3222
154,2755
2288,4078
247,293
29,2811
38,5042
720,1409
3598,5043
29,1018
2079,5045
529,1053
573,988
15,2295
204,783
716,1905
1272,1483
911,1171
76,5048
3403,3975
913,2033
736,2480
3169,3809
959,5052
1290,2361
1892,4684
354,1142
4754,5053
1610,5054
1042,1213
1243,2622
44,582
517,896
380,4673
24,1977
167,868
33,96
1851,2375
766,1869
2989,5056
330,4697
1601,2259
1018,1807
2504,3703
903,1767
8,14
408,3915
41,491
199,2749
59,4952
144,2630
109,1109
51,3976
1503,2157
63,4823
688,4814
220,222
29,5060
1061,1815
798,4383
3168,3836
2681,2736
38,2303
631,1349
1713,2995
1961,2186
448,1450
424,616
1064,1638
3787,5062
38,5063
96,193
688,5064
2430,3173
29,1585
538,3012
199,338
398,2730
3367,5065
1653,1886
147,4837
461,2038
1602,4978
844,1265
989,4294
2147,2832
296,909
362,2214
538,2922
126,933
40,366
1756,5068
2019,2261
15,141
819,3818
394,3852
26,3746
1068,3960
1061,1639
2793,3341
38,86
401,538
1119,1448
930,1020
14,1275
296,995
66,136
27,3737
180,700
1212,5070
1169,3165
3538,4198
1169,5072
200,1401
2600,3946
426,561
1353,2932
1381,1585
29,1122
276,1372
139,1700
122,1589
54,5075
1869,2883
118,3880
656,1806
2520,2669
1860,3846
700,3307
37,379
779,821
1183,1509
15,2369
987,1525
3829,5039
551,2743
3662,4987
1505,4379
117,5078
29,332
261,3365
1265,1728
105,482
38,995
69,3543
29,700
594,1692
5079,5080
119,3370
334,1801
921,1724
3481,4995
468,2865
394,3848
88,222
3698,5083
694,5084
2213,5085
589,2835
1767,1904
863,2740
306,5087
4679,5088
322,2902
90,2293
1157,2276
623,3342
366,2625
199,1664
3981,5089
508,1590
389,5091
68,162
944,3807
5,120
4263,4637
154,5092
681,5093
358,4187
3686,4218
653,1086
945,1856
329,5096
374,5097
243,4396
1060,1249
146,5098
483,3984
2326,2580
1007,5101
2130,2864
143,3488
3928,5102
786,1121
3418,5104
486,1099
117,1481
38,3312
1584,5106
1322,5107
116,4653
41,199
1816,4288
496,3269
43,5108
801,3708
213,706
1408,5109
1192,4886
38,5110
145,2279
859,4580
1197,2052
2384,5111
1025,3324
4075,4316
29,4321
117,1440
2522,3378
366,1010
160,3795
29,3396
2160,2384
840,1060
2084,2787
41,397
1046,5112
199,1098
29,1040
778,3590
99,1751
212,2324
797,5113
199,1958
1593,4682
2170,2825
800,1255
224,1583
29,5114
3218,5115
2356,5116
1602,3015
404,412
386,4209
603,1113
969,1513
2776,2982
41,71
296,4056
1383,2400
38,3900
1431,1678
1593,2351
294,5087
1301,2458
604,2113
120,160
995,2116
1558,3383
276,4108
160,3008
840,2580
747,4446
250,1503
824,2612
1044,4735
584,3967
383,2898
662,2684
93,3369
226,2975
92,1608
334,4601
3363,4263
41,2262
98,4748
208,378
1636,1986
1762,3258
2470,5119
1825,1848
145,1471
29,1803
2295,3792
1336,2760
161,612
1145,2710
366,5123
222,3331
743,1797
490,5124
3608,3675
3184,5125
577,1673
18,2976
629,4206
1037,5126
182,538
15,457
1679,1817
94,604
38,1146
3752,3854
64,1514
160,1843
2449,2707
3589,4025
482,1315
2016,4617
664,2741
688,4874
44,459
702,887
296,989
51,184
1021,2046
1006,3284
2841,2957
145,293
1346,1568
2546,3407
458,1884
581,5129
118,3302
79,1214
9,4915
249,2527
1433,4472
478,3211
810,1009
366,1338
2794,3723
542,565
620,1031
1601,4851
315,4940
1258,3063
1224,4094
247,2219
1610,4067
1265,4083
2057,2690
64,3218
538,2037
1127,2103
700,3498
801,995
2343,3908
688,5134
2299,3640
603,1061
6,4164
1433,1529
222,366
2227,3247
2539,3424
295,5135
1047,2252
814,2530
244,1097
1893,3165
1265,4424
1982,3073
38,3476
1610,4008
29,5131
425,1268
247,2947
2695,5136
972,1009
290,4060
125,5137
366,2935
1404,2582
99,5138
428,3069
480,3969
688,1866
933,3559
296,4382
1003,1801
436,995
2367,2427
1121,1799
171,637
700,5139
38,5140
3836,5141
211,4418
1417,2050
29,874
432,5082
616,2370
1646,3451
1316,5145
659,4132
332,3091
432,5146
29,3525
96,299
1005,3809
1245,5148
433,1202
64,4277
1592,1764
914,2982
699,1662
1401,5149
538,3855
189,381
1854,4813
154,892
4177,5150
241,2016
407,2229
1610,5151
343,1445
347,5021
801,948
859,4941
1585,3052
29,360
432,1006
114,787
1279,1377
706,5153
933,3892
3808,4507
592,2493
63,67
46,5154
110,474
42,789
688,3138
1594,3113
2251,3165
805,2835
94,4370
63,733
1050,4367
38,3025
1517,5071
239,398
24,1151
877,2105
38,3696
1531,2200
4062,4588
1556,2571
519,2031
366,2543
688,2618
1403,4392
125,5158
64,214
401,1884
3021,4566
64,482
1121,3548
229,4532
244,4744
1383,2271
245,5159
341,585
366,2026
296,2878
615,1676
868,1388
15,3064
51,1809
785,4247
29,3821
1526,3368
873,3657
724,3217
1999,2124
688,3060
212,1487
1664,1960
1290,1401
296,1260
2186,5160
382,5161
146,595
18,4593
234,1664
145,565
511,722
148,2158
3922,5163
1536,2207
308,3031
964,4060
2759,3299
18,4523
763,3031
2811,4011
7,2202
222,2535
129,1336
86,2477
2591,3131
121,5079
1683,4442
2536,3039
222,696
911,5165
1259,1853
66,910
268,2437
2021,2061
1718,1734
117,445
538,2452
26,5167
1970,3446
485,2845
1661,1865
82,2907
38,4338
2170,2473
700,1963
559,1793
2878,3792
3009,4632
26,492
2286,5169
141,903
1136,3042
2512,5170
1437,2261
762,876
1301,5171
1895,2384
688,5172
3008,3787
366,5173
1502,2524
4434,5035
2050,4330
1032,3421
4138,5174
464,5066
1708,2891
2780,4854
2834,3082
389,3544
160,786
508,5000
276,1942
24,5176
1121,5177
3009,3419
118,212
1863,2664
779,2725
41,1452
2186,5179
2874,4532
26,29
94,2326
4885,5181
2105,2755
448,801
1108,3423
1955,3808
508,1428
198,1156
1812,2519
212,2170
2150,5147
29,63
733,4344
581,2108
942,3238
38,4270
38,5184
210,1992
18,2628
1459,1640
721,5185
3024,3555
1144,2458
21,2974
303,2382
1663,3674
1811,5186
1586,2361
722,2111
421,2685
46,3704
40,106
2353,2711
693,4375
1312,2099
34,3083
2522,3176
671,901
794,2871
389,1500
433,3846
211,4394
661,1214
29,3499
3583,5191
2026,2112
29,4216
38,4457
1205,1510
5125,5192
2312,2529
222,964
239,242
346,506
29,1890
306,2067
199,943
242,935
206,643
969,1199
380,1546
3356,5193
1276,3659
947,2212
296,1050
883,1861
2975,3639
1594,2989
292,398
1749,4772
2388,5194
1345,3167
79,4389
3777,5195
700,1097
239,2953
901,1871
145,222
309,3395
688,4783
86,5199
312,3409
179,5200
24,673
294,2251
29,663
341,2871
1586,5202
2857,5203
544,5205
2128,5206
2841,5120
1327,5207
855,3998
688,4819
1470,3702
3001,3704
132,2860
38,3846
491,4260
189,4648
29,5197
422,3271
29,41
2143,5208
571,5209
823,1300
1025,2862
1476,4195
483,3517
1343,1430
1095,1728
681,5212
2099,4498
199,3584
2094,4848
2056,4469
1108,2811
242,4179
622,3715
307,2963
15,2452
573,969
1396,2157
251,1788
341,2340
1117,2301
538,1549
964,3489
167,4560
966,2624
41,907
627,1466
250,252
184,2753
366,3447
2477,4026
1531,3111
370,829
2134,3604
81,778
3586,5147
2405,5217
439,3906
295,738
153,3823
3258,4283
64,1445
2432,3955
3243,4249
538,970
1580,2619
18,315
2014,3068
1610,4795
190,887
321,3102
433,5220
688,3964
33,890
1154,4639
454,1845
436,1878
973,1798
3,179
1781,3692
713,1077
4044,5223
1833,3757
1674,3610
922,3084
1121,4104
1285,3237
29,2347
4745,4746
1473,3039
923,4930
780,828
3990,5077
963,1620
602,4168
2789,2793
3704,3814
18,2894
3072,5224
946,3204
366,2882
86,2779
2691,3988
532,1105
2118,2571
296,2019
3690,4154
1751,4491
2116,3027
3356,3474
2222,2306
1558,5226
125,1022
3154,5227
1409,5228
29,836
41,410
26,1358
4545,5229
154,3961
1096,2386
2291,2801
2622,5222
277,1213
15,375
1653,5230
160,5231
415,5232
213,2071
119,5233
24,38
855,3484
681,4039
341,5234
38,5235
194,3366
464,3907
860,1474
29,2019
1186,1679
199,529
125,700
1973,2852
4573,4921
3069,5236
212,394
29,1745
723,3515
231,494
2081,2877
4462,5239
875,4379
29,729
3697,4862
196,2157
366,1637
595,2815
88,3545
468,3511
688,3919
48,49
1110,1879
422,4672
234,2229
834,3785
3054,4407
41,2986
3228,3458
574,754
13,199
2818,4389
1831,2364
1952,5244
282,3638
3847,4354
15,4237
3250,3306
29,5245
850,4198
693,717
71,883
338,505
1050,1839
1767,4476
64,199
933,3886
1610,5246
1620,2786
508,3241
1366,4429
688,4009
2348,3831
199,935
1569,5249
29,513
433,2259
2297,2858
2105,3741
42,1811
4121,4777
38,5187
38,786
5250,5251
995,4687
1383,3426
377,674
119,4413
2790,3890
212,2664
1279,4013
2188,5252
541,5253
142,1655
1190,2205
224,3579
1111,2839
383,5254
2631,3989
245,2812
33,262
161,486
547,5255
491,1799
3481,4044
592,2599
128,4970
29,2351
1114,2836
1077,5256
18,957
720,4542
1680,2336
592,918
15,368
1265,1472
693,5257
511,4233
1920,2147
38,4896
1118,2871
1940,5258
2649,4308
688,3774
18,693
1110,4262
4719,4876
3196,5260
3045,3835
482,4861
688,4323
29,556
264,1913
1594,5261
1251,1846
1554,2010
29,5262
433,3630
542,2822
26,1518
4857,5263
29,320
266,2370
1251,2119
26,312
2080,4253
1084,4049
2667,3195
3132,4300
46,5218
2339,2923
247,2192
125,1101
696,3800
508,5266
1009,3109
1233,1785
1108,4506
963,3311
51,277
92,360
786,1251
1610,3282
1584,5267
1890,5268
84,4398
199,1401
886,1594
670,3705
296,700
164,3149
370,2394
2543,3558
262,1962
589,3075
4569,4887
830,1351
1555,5269
1150,5270
199,948
673,5240
183,2997
2155,5100
883,5271
51,1481
120,2809
2537,2823
1084,3420
69,5272
1121,1598
266,867
478,1123
51,2077
371,508
1666,1667
1590,5274
1517,5099
199,432
551,4194
222,1427
2187,3626
3429,3917
38,2789
688,5275
40,2138
64,2016
41,1249
585,4393
279,370
1945,3659
1811,4149
914,2462
294,1085
86,5190
1924,5049
2543,4276
5278,5279
3161,4112
2259,3541
2361,3473
294,656
2813,3997
551,4899
2005,3224
81,153
1401,4327
467,2543
87,5281
1769,3034
1014,4748
1610,4760
448,1856
2586,2685
1445,1648
196,2872
2,688
38,1780
29,2808
38,544
362,2623
15,5284
3776,4823
156,2308
1279,4782
521,2164
2319,2642
398,2230
1792,2955
424,538
2005,2900
1338,1642
130,136
335,922
769,1241
59,2514
29,4907
189,565
86,2989
284,1858
224,4993
2971,5155
777,4181
366,448
15,4886
29,4320
642,3067
160,1607
173,630
1087,3383
222,1067
378,3400
1610,5286
2596,5287
52,1523
1580,3781
731,1626
221,4221
1548,2991
538,2370
565,3355
475,3517
733,2296
86,3890
38,4649
1752,4181
276,1550
4288,5290
786,4754
2105,5291
1077,2764
2118,2202
476,1474
431,4583
1369,2202
41,5292
2967,5293
1244,5062
86,1823
63,5166
891,985
29,5294
221,1889
1962,3062
1880,4927
1043,3622
129,228
2252,4974
730,4191
700,1043
1140,2310
436,1759
1562,5291
688,4286
222,3390
234,1353
249,3134
305,1683
1610,4986
3329,5086
38,2407
2107,4539
81,671
169,1138
167,2048
18,2382
1226,1402
114,2420
160,1554
688,5296
1968,5297
1531,4231
382,2473
1016,1683
480,903
1610,5299
231,232
1136,4644
1260,1612
378,5301
87,778
2138,4809
177,3808
84,3140
38,5287
319,845
1630,2123
308,4229
189,2356
38,2194
76,1617
3080,3216
2025,3239
273,607
218,2197
299,1890
538,3842
1437,1586
571,5121
1029,4883
1732,2724
199,3392
86,2697
160,3234
160,4804
2058,2759
1236,3784
332,5117
585,787
2429,4043
38,2410
398,585
90,592
534,1554
754,3394
793,5302
4786,5207
3957,5303
210,2511
964,2308
688,3653
25,4727
1585,4117
4899,5304
1722,3353
314,2717
296,3866
3491,3955
24,1127
688,2978
288,4726
29,4200
529,3232
507,4265
382,3952
196,2620
672,850
609,1834
229,1972
449,5308
366,1025
3418,5309
1589,2775
117,4781
296,632
86,4018
809,854
4725,5312
519,899
154,4445
436,498
584,3945
481,919
222,602
3651,4635
631,2968
137,217
1108,5198
29,1036
41,2788
1088,2255
154,1259
1345,4719
688,5313
1666,2308
3237,5122
4263,4660
174,2559
64,3854
2789,5044
2858,4301
76,2758
38,5315
275,941
538,3658
154,579
501,1298
129,865
368,700
727,1420
29,702
29,969
1108,5319
574,762
293,2889
2947,5320
18,3280
681,5321
42,244
1758,4065
2398,3593
1277,2062
296,1771
146,4459
42,66
1438,2048
797,5323
1610,5324
602,1330
247,592
948,1054
654,1551
92,184
2573,2848
24,4272
26,105
296,486
639,4010
1090,2711
936,3124
427,5183
15,1240
538,4594
168,988
348,934
1212,1875
162,4357
755,1111
1517,3381
38,2344
2449,4527
24,3945
2511,4700
219,1521
743,1548
508,2638
1610,5325
17,2715
944,1503
210,2107
64,5316
29,2943
565,5326
1767,1964
1427,3319
700,1280
399,4867
1019,3523
38,5327
688,5328
364,647
4242,5329
277,3447
1340,2224
3510,4811
2056,2951
3986,5273
883,1938
753,5331
24,2428
902,1814
29,1609
2469,3733
41,59
29,5334
366,965
403,3946
700,909
49,1382
3310,4763
131,2312
626,3682
962,1801
1121,2079
15,1697
266,285
1169,3092
1048,4068
1545,2605
19,1353
2332,5094
199,3396
4556,5282
1122,5214
29,5337
1027,1791
2091,2954
86,5338
963,1972
169,374
778,2328
219,4563
704,1135
1609,1946
24,1767
198,338
26,1141
125,944
3752,5341
806,2488
4431,5342
4484,4556
145,2942
437,731
1169,2987
1143,3096
380,3039
154,4569
29,5343
1517,1584
222,700
1015,4970
514,4961
125,1037
1286,2669
3009,5345
1020,3064
1957,5346
356,1487
1851,3264
1556,4405
29,3772
145,296
487,1995
160,2927
1136,4095
1057,2704
329,681
366,1596
1310,1625
1487,1803
276,2032
86,449
688,4702
366,1586
884,1169
942,5348
173,382
1930,4955
29,3497
1941,2856
968,2036
1011,1725
1502,3036
538,1300
681,4388
159,700
585,1815
333,1438
2501,2973
4086,5349
2890,3185
746,3255
64,2202
1909,5350
2108,2917
839,3669
1258,4875
1121,1281
277,603
688,1643
4263,4972
213,506
42,3687
338,4546
296,5211
3396,4470
781,2520
3607,4179
814,2072
29,3285
4031,4789
433,1068
284,5351
363,1462
29,5352
529,3808
144,4265
313,1169
2440,5279
4593,5090
609,740
92,217
414,538
41,3668
574,2578
429,2143
1610,5353
91,145
2464,3955
125,5354
143,767
38,4562
700,1784
3745,5355
1517,5356
1541,4062
2687,3305
219,782
1558,5357
688,5358
17,4249
3161,3585
1876,4412
471,600
156,788
38,5242
33,51
38,5361
296,5264
404,1817
222,1897
38,5362
29,3626
29,1367
562,2660
529,1364
856,1505
2076,4044
38,4657
199,5363
38,288
1482,1964
982,1185
198,2392
1891,5364
681,5365
4472,5366
199,1630
1175,2116
4509,5368
886,1410
2733,4857
2295,2912
1006,1674
3842,4196
1108,4820
1389,5009
770,3211
244,296
199,448
142,1454
38,5369
838,1167
47,2089
38,3730
1749,3247
277,1749
85,3177
295,4111
1139,4482
108,212
117,1000
41,700
1402,5370
25,2817
248,1603
29,2374
326,2312
1113,1486
81,2216
521,5372
2083,5373
117,1051
117,566
1012,2131
3343,4334
93,2783
26,588
1761,3850
162,3615
3628,4333
1121,3822
199,5374
1009,1363
2059,3691
59,4610
124,1139
366,1121
350,435
129,3186
29,4350
26,2358
29,5376
59,839
29,2122
3400,4508
2432,5288
1681,3131
136,2825
2658,4956
870,1856
347,1181
299,2446
647,2591
1331,1817
531,2068
2340,2441
1884,3012
222,4348
1564,1974
1489,5379
154,746
2555,4360
33,465
296,1225
29,5375
3718,5380
1217,1767
26,1277
106,450
199,277
1481,5381
3403,3959
29,1104
366,449
1331,3717
1495,3340
651,1002
880,1610
2446,3988
425,3000
1591,5283
3636,5382
1472,2588
2930,3644
1387,4813
693,839
199,2797
1645,2054
369,4035
15,125
1988,2681
165,199
914,3195
199,1251
330,688
1294,1392
773,1886
813,1987
688,4453
1640,1793
252,4609
38,4879
143,163
2241,3203
2124,4730
2602,3457
154,4203
24,1772
300,5383
656,5073
432,655
64,1531
146,4596
407,551
3364,5385
18,1008
2529,2662
434,547
700,1307
694,2323
342,700
117,5386
688,2438
136,4612
296,1800
184,420
1096,2140
688,1058
542,1971
1806,5204
10,4248
2805,3565
585,1079
1801,2196
38,5388
41,5389
366,3594
582,3146
688,1188
366,451
4437,4474
119,2004
183,776
449,1251
448,1827
1610,4441
459,2512
3477,3931
12,1685
2303,2989
81,1222
422,4307
112,2688
573,574
1240,2557
2274,2923
344,561
1554,4933
1590,2109
38,644
2388,5390
602,4309
79,700
41,720
679,4369
1162,3526
947,1251
96,3008
160,982
1586,4665
681,5391
15,29
38,5105
18,86
473,882
3718,5392
526,5393
357,926
1104,4094
29,735
255,2824
2326,2636
125,1567
199,2202
69,446
1204,5394
1746,5133
448,1111
765,2457
639,2377
29,3595
2270,2721
196,767
224,3877
224,1692
2217,4796
18,2802
1065,1750
374,5395
335,5241
480,5344
1554,4973
698,2742
13,2103
2917,4547
1517,5398
866,3404
139,3666
3261,3307
29,503
26,347
1394,3687
2130,4228
38,5128
449,1843
1281,1822
359,4119
807,1556
6,3044
398,882
1116,5399
800,5400
866,3813
2807,3526
745,766
239,700
722,1206
187,990
145,5067
18,4405
1055,1281
383,1716
299,1275
700,5401
688,5216
3591,3909
18,508
38,1952
742,4870
54,147
26,1438
623,5402
309,3494
38,2384
769,1307
308,1241
2743,5356
38,5010
29,81
1169,2891
366,4024
125,2420
199,965
1169,1913
1749,1810
86,288
1100,1434
1683,2138
688,2898
1984,3662
246,276
1156,2791
29,968
86,1233
787,2609
370,797
226,916
29,4925
51,5403
117,5404
29,3713
1596,2313
1811,2971
700,1469
413,2581
1220,3736
1610,2335
3057,5405
29,1901
1657,2073
629,897
616,970
4735,5377
29,3371
508,4496
29,2901
161,1751
29,38
338,1907
4355,5406
2014,2210
2797,5407
38,5215
1692,4750
59,294
24,3971
13,1474
539,2649
2005,3077
594,1702
1084,5408
432,4888
1462,4201
299,3866
2286,2438
143,1875
3097,4923
3334,3543
81,4964
299,1619
29,3202
1224,4981
539,4431
1536,2448
24,433
2215,2606
733,815
24,4207
29,4628
38,5025
62,1356
29,3331
2309,2388
437,5413
519,3697
1404,2240
1007,1560
1970,3246
296,2033
2450,5415
120,3749
265,5259
1401,5416
27,1656
445,3547
24,1952
1279,3936
447,1251
3011,5041
2261,4232
1319,4474
296,397
64,4168
1559,2774
487,4426
1610,5417
160,5418
3694,3770
2923,3602
29,753
70,1170
29,3750
15,3365
694,2180
29,3170
688,5130
222,1338
165,1851
165,1477
1398,5420
433,2105
760,1117
959,1590
2272,3542
600,5423
276,585
1610,3942
144,2819
296,1170
736,4798
1798,2037
2119,2425
4422,4791
1356,5424
41,1153
696,1306
1127,4040
48,64
149,212
90,3908
268,1511
3140,4242
631,977
38,4417
86,323
312,480
585,1144
521,2220
38,3577
120,5426
869,1925
83,170
1169,4210
2967,3768
618,1240
2970,4695
1169,5427
260,2608
3653,5083
2175,4143
853,1474
1688,2758
597,2308
699,1085
2617,4435
51,4150
1780,3698
136,5428
914,1637
1113,5314
688,5430
1784,5081
1859,3021
1611,1683
450,3560
853,1553
730,5431
154,753
4304,5317
1187,4017
41,5432
296,3711
296,5340
145,2125
508,5204
178,4739
1006,2412
1174,2079
55,1338
58,5061
4692,5434
15,1141
688,3762
3648,3719
947,5435
1751,2278
331,4191
1609,3439
4182,4901
18,592
75,1769
81,1657
440,1443
222,1554
434,4343
41,4586
258,302
1584,5436
129,2050
883,951
933,3929
15,5156
426,2201
1767,4747
433,2016
1602,1974
786,4249
17,648
276,1487
38,1566
41,526
222,5437
2616,3810
1455,1744
640,4097
1383,1997
696,1612
432,1892
3184,5438
27,826
3642,3742
160,5397
693,5439
1815,3152
145,4552
222,3006
700,892
41,2181
1016,4540
29,1794
55,801
114,2306
800,3303
179,296
276,5206
3382,3921
474,2481
177,1467
2415,3853
335,1703
13,283
448,2021
1051,1361
6,1692
29,1165
56,449
1324,2827
1366,1488
1,5440
2965,3343
583,827
436,1690
681,5441
1967,2877
3290,3760
29,508
26,3116
2531,3535
461,2228
129,3849
688,4515
1885,2742
63,300
145,5442
795,1444
29,3862
2803,4633
222,1331
1061,2511
2099,4675
1803,5248
2578,5443
538,5360
1249,2797
408,1470
29,4411
92,222
4269,5378
1100,3945
1919,3314
8,404
1799,2779
1866,3534
984,1013
513,4082
42,4340
2415,2810
611,2121
338,2126
36,3947
160,882
673,1401
881,1128
1372,5444
29,2794
195,1766
882,1169
1150,2846
29,3235
602,776
1213,1698
4395,5445
688,5446
4458,5409
5085,5447
199,853
103,5322
22,5196
15,3681
199,2684
1071,1525
1116,5229
3162,5118
11,1764
943,944
1937,2651
62,4406
1364,2480
540,711
2453,4682
1610,4355
29,1103
541,1050
3406,5448
731,5449
41,5298
38,2322
4425,5450
296,2282
189,2552
1723,2838
64,5451
840,4416
122,125
639,1785
567,1639
184,712
29,937
1536,2132
363,808
315,3377
2470,3552
366,944
117,1503
145,3660
2095,3039
2066,3101
915,1799
1455,2270
738,2442
543,3780
1643,4834
81,779
1593,1605
673,954
4165,5411
696,700
1212,5074
688,5453
333,2903
55,3537
18,3317
3127,4454
1362,4078
821,5306
64,748
87,3916
98,4297
1596,4214
464,5454
696,2878
205,1881
595,2300
422,2000
433,944
935,1150
15,1908
51,890
179,940
29,3812
4140,4167
688,5455
776,2147
41,168
2561,2653
922,5456
505,1856
681,5457
199,2624
4031,5458
296,4557
1214,1880
154,1668
1052,1383
1051,1654
1702,4728
1602,5459
217,222
332,586
449,2930
521,523
4222,4410
165,1448
553,1057
6,3066
118,929
1345,5460
2268,4562
366,478
38,3442
24,5033
2601,3114
3004,5225
38,2118
16,507
2975,5462
665,5463
986,3155
340,839
1652,2420
1319,4120
292,296
222,4473
3581,3997
150,840
508,5276
29,5464
2556,3310
2672,3655
81,5421
1843,2032
38,1738
94,2915
1610,5180
38,4919
4310,5414
29,5332
155,625
863,2439
260,3937
1010,4367
240,3665
15,424
2424,2929
38,5041
688,5466
41,3617
456,1230
508,3843
731,3160
206,5467
296,2259
4243,4696
198,366
1434,4805
4987,5410
607,2203
1171,5265
199,615
592,4278
767,3705
2196,3643
1925,3335
1365,2466
222,2842
252,1218
56,1664
3923,4024
1090,3535
244,4992
15,2085
1020,2370
366,800
944,2184
1996,4881
369,3672
626,1290
311,4124
13,2202
855,3386
241,2444
1046,2571
14,573
3069,3185
1144,3489
1453,2507
522,1027
38,5468
64,1421
86,3317
38,5188
1009,1723
315,4732
732,1516
1324,1519
688,5469
199,366
398,3412
4111,5347
531,5470
1033,1355
29,2543
125,1398
657,2866
18,3009
531,5396
2548,5097
393,1719
652,1879
90,5471
146,5472
2626,2995
822,1860
292,2261
2441,5168
1401,1511
449,4092
787,3157
688,1465
2543,2706
162,4096
338,1313
2664,5473
88,657
154,1416
2053,3188
1242,1919
41,1992
29,732
15,4138
203,4585
102,688
1858,4808
29,1719
224,2105
1511,1910
2613,5142
348,932
335,1418
38,3743
1925,5474
700,2092
119,1637
2473,4085
1610,4083
1723,3540
370,4793
244,5475
227,1250
296,1255
1177,1857
343,408
1057,1718
867,1026
1895,4282
24,1928
1393,1639
145,378
2170,5477
199,3239
604,5289
43,211
1,5478
150,5479
81,5143
504,4456
41,3578
351,988
940,1612
88,3005
38,5014
86,296
64,4251
2048,5175
448,1121
1185,5480
126,277
2361,4246
797,952
2283,5007
942,1322
29,5482
1431,5483
348,2178
688,5485
1484,4342
1888,5164
688,3241
64,3933
38,3056
745,1118
491,5461
2249,4147
4285,5487
61,551
4917,5005
4803,4913
411,1127
2027,2743
120,988
296,3255
18,2260
24,2186
145,4624
1275,1663
92,216
696,4151
787,1843
2374,5488
3039,5489
3351,5490
1081,3526
359,600
1535,1937
1107,5491
2173,4162
4149,5492
592,4365
675,5493
2312,5367
1427,2442
538,1020
1094,1514
903,5494
1491,4328
193,695
1807,2441
5048,5495
1310,2256
363,5451
344,983
668,1824
1146,5496
258,696
731,4913
1903,3067
999,1544
490,2708
1508,5182
1803,2121
42,5280
369,542
345,2186
1635,4957
382,1057
571,887
2797,3711
276,1114
38,2544
48,5497
2250,5498
2596,4079
76,387
130,5499
1401,5500
296,3303
444,2416
120,164
480,1492
1109,1585
348,1426
991,2679
332,5387
1107,3344
3303,4296
203,1813
85,2674
688,5311
119,5501
1341,3165
1923,2056
29,5178
2717,4456
2241,3857
41,3912
337,381
1834,2198
2544,5502
883,5503
817,963
5504,5505
119,4402
1034,1180
296,1804
615,4868
26,262
1888,2446
29,2247
155,673
160,199
29,4802
1801,3761
2131,5506
1365,2028
2480,5507
1930,3407
469,2178
2099,5066
1663,3349
38,4537
1861,5252
38,873
729,1271
1277,5508
312,1045
722,1761
3203,5433
1895,5509
1474,2506
700,1717
404,422
29,333
34,1733
370,2119
1447,4486
688,5510
629,900
1326,2870
448,3487
1475,1506
538,3067
222,1834
2591,3820
1222,3930
29,2676
1634,2741
38,4395
2064,2400
933,3885
1384,4902
3091,5511
382,5247
173,1980
389,1303
3767,4205
435,1009
1861,5512
1659,4961
3791,3874
38,2751
239,1169
968,3321
2080,4245
3616,5513
673,3237
942,1290
524,756
1531,4224
2366,3084
1570,3393
1436,2064
1131,2768
1438,3872
2149,3159
1333,5514
1614,2153
593,3775
406,699
863,5515
1154,2530
1236,5517
486,3139
2539,5076
253,4999
752,2341
585,2445
38,1775
2299,3637
2315,3586
1206,1693
380,602
1593,2771
1610,5518
174,1763
5372,5519
125,572
9,833
988,4984
2519,4643
433,700
1767,1991
1554,5520
404,592
444,3667
38,5521
1610,2825
29,5371
1097,1664
964,2338
29,2299
276,4686
2551,4227
615,667
33,742
399,4530
602,2155
1724,3645
862,1325
199,3221
38,5522
541,3827
1301,4884
125,4421
491,592
2079,2115
29,1305
38,3198
3687,5523
448,944
903,1799
438,3399
257,1511
2500,5524
855,3926
2221,3289
508,5525
541,1404
1511,3646
905,2098
1610,4622
117,222
538,1697
603,3068
3473,3905
306,5181
964,1963
247,1928
1610,5526
1692,3860
1507,1560
223,2124
1799,2081
1144,2032
1257,3570
258,1253
29,4291
24,5527
228,4594
345,882
143,1308
366,2879
91,3663
3984,4836
982,1457
2124,2853
538,2572
3234,5528
2214,2367
394,1761
892,5162
370,1849
5433,5529
1469,1579
29,857
1610,5318
44,1028
688,5530
1027,5335
1088,4987
378,1647
521,1152
1112,3303
64,3189
29,2198
688,5531
5532,5533
38,69
199,3372
69,3142
111,5534
20,201
88,5535
277,697
688,5536
173,2925
38,4360
538,3064
160,3013
195,2491
1899,2743
51,676
199,234
355,996
2227,5537
222,1511
94,5538
2805,4716
688,2436
38,5540
51,647
83,3012
33,435
1379,1615
159,1451
216,299
448,882
688,5539
965,2019
1222,3219
394,966
2460,2529
1544,1978
26,1965
2451,3045
145,3124
382,4186
1620,3539
1136,2823
680,2078
64,3765
688,1765
1057,2127
1360,4228
1987,3219
678,4814
125,378
1830,5541
681,5542
1331,1992
325,1789
2511,5066
681,3881
10,92
1503,1998
333,1208
508,3380
24,1194
62,3446
494,2621
38,4842
56,239
2682,5516
1453,1675
508,3047
1390,4012
684,3043
491,1222
304,3875
1645,2337
639,1096
678,4254
144,3076
854,1475
256,3847
700,2510
1340,2236
919,1164
26,1768
2045,3273
2891,4204
42,3219
2545,2994
1421,5543
2043,4748
337,480
741,924
817,3405
4,2505
1003,1990
100,1080
380,4443
1610,5544
1033,4668
3414,5339
737,1193
1807,5106
15,2850
2857,3903
3846,5277
1779,2610
394,1552
1335,3716
506,2486
433,5545
193,1198
700,2261
38,296
29,461
521,1638
130,654
681,1219
467,1532
369,5546
4610,5547
2787,3661
2470,4008
1027,2962
29,773
29,5548
4680,5465
105,160
592,2441
196,2423
1976,4743
2599,5549
2609,5412
1118,1224
2033,4158
224,338
3003,5046
3836,4943
451,1050
5520,5550
247,4699
41,4139
111,5305
5058,5552
145,349
592,1178
41,427
410,5553
342,3984
145,602
1071,2688
765,1521
1584,3082
29,4261
295,5554
29,5555
303,2145
38,5556
1463,2634
906,4839
756,5172
1971,4391
29,3049
1134,4145
184,4045
3506,3598
143,1851
410,4571
2119,2836
451,3234
29,3945
1515,2649
394,673
70,366
160,5557
4660,5558
38,5559
8,1258
600,4828
436,2922
1602,4368
3709,4918
79,3690
156,1457
43,5425
1229,1437
3338,4007
41,1847
914,1803
66,1867
1972,5560
547,5243
1827,3522
145,1395
1421,5561
965,1503
2302,3244
24,3619
3806,5562
557,1201
24,592
534,5262
2075,3750
42,4420
161,1620
1404,5563
38,5564
1669,3769
2264,2935
49,3364
154,2622
93,4305
673,5566
24,2393
381,3858
2450,4958
486,5217
1825,3215
786,5237
160,1924
41,342
2409,4665
623,1225
2303,2613
2476,3740
382,4033
198,245
88,888
210,673
933,2606
1434,1863
449,1274
49,1852
1366,5567
4787,5568
273,2730
293,528
287,3353
247,703
656,3613
64,2100
192,4865
433,878
1069,3004
1229,1784
38,2391
536,4090
28,1491
212,1100
966,4448
1830,5569
2988,3057
24,296
369,1811
3705,5571
604,2008
42,1774
2504,5573
542,1843
29,5532
160,2252
3001,4367
54,222
389,5574
1121,2019
3049,5575
38,5576
99,2362
3778,4239
1629,1762
1036,2640
4627,4756
551,786
2055,3710
731,3655
38,4252
1287,3504
186,3348
4355,5577
1665,5578
1052,2984
160,1669
268,1136
538,3659
485,2482
136,5359
2959,5250
855,5579
4023,5505
658,944
88,5295
787,4146
1610,5580
2603,3679
64,4599
2719,3789
125,4866
1594,1952
700,2481
430,3313
1223,4451
924,5581
5189,5582
1547,1890
183,770
3219,5583
3570,5584
500,538
538,1600
570,3079
38,5585
125,1346
266,4594
3025,5586
1256,1890
544,4775
902,2821
833,4093
1001,4960
198,3990
810,904
2395,2938
3463,4167
1610,3635
538,633
405,2956
29,33
38,5587
988,1378
688,1689
199,5588
551,2397
3433,5169
79,224
93,2673
811,5201
2502,3891
1022,5551
1688,5590
1555,3764
1610,2381
1866,4235
859,3429
2470,5591
242,5592
2694,3543
199,4603
681,5593
103,3738
2009,2481
117,904
1169,4681
353,2100
934,1353
4219,4472
478,700
169,3620
338,1487
1702,3087
959,5095
86,1501
195,415
2030,2106
933,1229
29,106
1979,5594
88,3069
1169,5595
41,5589
2131,5210
3244,4184
189,1050
688,4352
700,5596
638,1537
1857,5598
180,199
222,4404
733,879
3219,4100
3218,4761
1108,4688
1130,1896
700,2506
903,1966
3332,5599
276,1077
1256,5422
116,2680
1144,1761
2460,2479
143,4020
199,1836
122,451
59,2532
646,835
589,3013
1224,1331
3716,4788
15,2847
700,1100
427,3290
1722,4731
38,4175
2864,3466
211,2161
199,1448
145,3231
765,1696
624,1675
160,3003
568,2733
659,1916
3401,5600
1793,1900
731,2644
2278,5601
41,957
2603,2605
1136,1366
93,1067
154,2635
188,1345
2504,4654
4478,4494
4121,4610
2543,5602
1931,4191
3995,5008
1352,1534
24,1292
145,216
443,3867
1012,2311
38,5603
270,4670
24,731
540,1496
720,4378
2249,3810
688,2693
2477,5604
1050,5300
491,2082
1110,5605
3060,5606
2461,3691
486,4932
258,1776
688,2189
3203,5607
584,2948
382,781
1401,4285
1906,3086
911,4752
296,5608
2470,5269
1118,1784
153,1912
1634,2979
64,5609
3215,3282
1143,3722
811,1006
117,2233
143,1652
513,1614
1136,2816
419,1540
272,1826
1284,5006
592,4155
3407,5486
1025,1249
2712,3946
2272,5285
799,1317
1833,3716
597,1409
4167,4713
491,1364
70,305
224,1535
2770,5610
3137,4983
181,2512
542,2709
656,1740
747,5611
3250,4127
376,653
296,1396
1081,4168
1596,1843
232,2380
155,1156
64,160
711,3448
108,592
81,4105
847,2034
2317,5612
4059,5613
205,722
5563,5614
29,3500
1787,1933
1206,5333
1798,1965
2541,2741
29,4014
29,4613
855,4341
1610,5615
296,4963
2916,3701
312,1009
396,1820
397,2584
29,60
18,3893
831,3240
1184,1727
256,2351
1682,2046
66,597
366,3323
574,2693
119,5414
810,3873
673,700
244,731
418,3740
29,1948
907,1981
2780,5616
1245,2215
854,3430
219,271
741,2485
12,551
1113,1266
295,862
24,5452
731,1603
29,5578
38,1925
158,2964
378,2020
1637,1822
3126,3610
2474,3438
197,1635
3570,3801
294,4303
688,4562
3303,5617
874,2449
688,5618
301,2213
2354,4747
1001,1161
2553,3566
141,4172
1345,3229
293,1996
476,1613
26,5619
2428,2767
918,3181
299,1522
199,945
96,1975
1578,5059
2760,3209
596,1851
160,3457
554,555
81,4397
145,3898
29,2503
51,2388
86,5141
2033,5620
167,2920
379,708
681,5621
982,2789
69,5152
688,5622
226,296
2881,4391
688,3220
352,1384
29,1456
222,258
2393,3508
398,3103
3279,3655
2664,5303
688,5623
1088,2748
538,2671
2377,3303
15,4948
66,3236
18,38
1457,2721
199,1442
2733,3440
878,5624
230,4397
66,1458
902,984
786,2778
578,2050
3377,5157
3538,5069
2032,3303
1110,3610
1050,3114
933,1043
106,153
2699,4854
288,2449
616,4770
688,2041
296,2787
1408,2017
1471,3210
275,4103
933,3699
38,3474
4450,5362
24,125
1080,3799
145,561
29,3614
79,1384
29,2443
29,476
651,1685
2183,5481
1590,3387
781,3443
1488,1954
1049,2891
29,2432
1321,3153
1002,2407
196,2007
995,1786
38,3347
198,1811
406,4603
29,365
2561,5626
863,3826
869,1326
4273,4984
961,3833
169,4073
51,388
1988,3418
538,4185
681,5565
2202,3451
101,3657
41,146
70,700
38,3505
621,930
2898,2969
312,5627
547,5127
727,893
38,5628
41,3243
3410,5330
173,754
88,1973
180,4159
276,490
4993,5058
38,5629
119,398
1455,3175
1637,2410
1508,5119
64,210
94,3819
1123,1338
98,1374
1019,1803
2418,4971
15,1764
427,731
699,2913
245,1602
1143,1609
591,1698
924,2738
296,5384
2786,5625
700,1260
508,4883
4012,4128
185,376
406,4220
1776,5630
681,3305
72,1646
253,4299
38,4171
216,4982
2674,3293
1401,1707
1943,4571
276,860
2143,2388
2238,5273
113,2959
1003,2891
949,1754
883,1366
3113,5631
38,2893
41,3270
224,4936
222,2114
1352,1405
863,2422
184,715
892,3007
29,435
778,868
357,3492
365,2159
787,2119
42,3023
3632,3849
2361,2909
569,1006
162,5632
1339,1818
67,2591
688,1407
688,5633
27,46
1610,5634
1594,4712
491,1546
681,4678
667,2283
607,5635
1101,4676
364,1428
483,4656
3150,5636
1503,2931
42,592
1996,5103
2134,3860
437,5637
524,4942
380,2019
2586,2858
40,275
199,1169
29,4425
194,2124
1125,4516
1381,1670
1610,5597
930,1504
800,5429
2792,3356
136,5638
592,3295
925,3718
1975,2336
598,5047
213,5639
2580,4575
605,2865
955,5051
693,5640
448,1010
2303,5641
1796,5238
64,321
2632,4063
332,3803
547,4488
647,3878
780,817
480,3406
296,1627
366,700
744,4069
1200,2330
296,5642
129,214
38,2734
245,4816
1284,3348
696,1481
1033,1575
2760,4051
100,422
4016,4241
381,2703
1475,1521
276,1922
2888,4977
490,4401
947,5221
2557,3428
318,1115
590,3721
5447,5643
508,4780
433,811
492,3915
76,3994
2138,4640
602,1295
29,5476
129,182
15,2731
38,196
806,1881
1036,1251
382,5644
125,195
3189,3695
198,3071
1564,3150
4882,5484
410,1016
427,1366
1073,1113
1016,1633
2233,3039
864,5645
444,3546
1820,3389
1895,3046
41,751
48,4531
222,3775
67,5057
222,1262
85,848
366,1856
246,4091
2511,3701
1409,1610
48,551
1027,5646
542,5570
2660,3838
530,3072
2770,5647
1722,3514
3080,5055
3028,4516
366,3308
330,5310
930,939
552,2167
55,943
1296,2893
277,296
2680,5648
24,2377
203,4371
138,296
386,700
33,628
1478,1877
156,1350
222,1169
1148,1639
2844,4395
1150,5213
38,2363
264,5312
1,5613
786,1936
121,222
490,1511
15,1078
29,3903
736,1479
38,5649
29,2689
17,1438
3953,5572
707,1077
1324,2337
139,5650
38,3521
1181,2497
1108,3894
449,685
1692,5651
1844,3021
4923,5652
2207,5653
1952,2303
1610,4428
2891,5654
3097,4449
529,1124
265,688
193,3693
1455,1708
688,2468
29,3631
1375,3048
199,2481
1586,1756
212,4738
24,2568
436,2647
198,5336
38,5144
775,2118
229,5132
41,3361
38,1425
1163,3656
376,2941
388,1386
2764,4099
2361,2538
212,1761
648,3755
24,5655
1508,1509
29,2136
51,5419
146,1359
598,1857
596,2828
797,5656
378,868
1169,5657
839,5658
487,632
29,2720
127,686
1255,3690
223,5659
3901,5005
744,2653
1286,3530
589,2124
262,991
1637,3811
244,2103
681,5660
1669,5661
380,700
1061,3925
541,1057
1022,3148
446,3297
1174,1536
117,125
1108,5662
218,2567
1586,2843
2268,2645
1335,1937
136,982
213,214
2808,3357
699,964
681,5663
1739,2055
278,700
26,1989
29,657
1389,2884
1249,3625
88,905
787,1596
602,1465
29,3019
1311,2238
219,3073
402,442
1596,2887
2666,3031
855,1046
4562,5050
2099,4130
1777,5664
1460,1842
83,4691
41,4600
15,213
296,4764
2983,4804
120,380
196,2261
1336,1894
618,2452
1638,1941
1569,2934
38,608
3195,5307
508,5219
92,1205
688,3330
730,2961
42,222
284,4591
1561,2779
559,3691
161,3045
541,1214
1134,2146
160,1414
1541,2035
64,207
679,3599
1108,3727
1732,5665
1006,1401
3896,5666
79,448
1952,5667
470,5668
1610,4944
3150,4508
36,314
923,4054
389,2626
1361,5669
1251,4275
141,4046
719,757
531,5582
1556,3203
1229,4512
1887,2442
131,132,133
129,134,135
210,211,212
394,395,396
167,388,449
521,522,523
584,585,586
129,538,588
129,499,616
129,538,633
184,776,777
374,780,781
38,834,835
943,944,945
169,513,988
44,1027,1028
146,1114,1115
41,592,1144
71,603,1170
79,1213,1214
129,538,867
29,1040,1256
146,963,1321
60,369,1369
1488,1489,1490
205,286,1493
155,366,787
29,359,365
986,1472,1780
34,199,1427
134,617,816
239,1863,1864
15,258,1873
29,365,972
24,700,1169
114,667,671
15,129,633
908,1440,1983
29,51,965
81,892,2023
338,2025,2026
15,1277,2037
199,943,1498
29,173,1670
879,1817,2113
565,892,1073
126,152,192
179,1815,2153
1136,1479,1896
944,1998,2171
696,842,1001
700,800,1756
1003,1471,2240
277,366,966
563,867,930
276,1006,2301
296,1162,1287
146,597,1653
29,238,1729
79,296,700
514,810,1009
731,1222,2410
160,222,1494
538,1277,1697
173,513,972
1009,1228,2454
154,696,811
29,162,2229
129,1600,1798
154,2019,2519
538,1277,1504
136,380,1447
444,2099,2664
29,133,2100
189,336,604
38,199,206
154,252,2186
811,2248,2718
120,184,602
196,222,1127
15,129,563
212,1863,2743
222,2246,2747
970,1277,2760
24,154,155
29,145,549
643,2016,2824
4,29,344
38,64,1120
129,618,1277
172,823,1283
624,1426,2630
293,1361,1764
296,1170,1594
222,1249,2931
26,153,959
129,538,563
183,851,1034
1277,1894,3012
172,538,1283
276,963,2871
538,1020,2452
15,2037,2579
29,122,1598
827,2031,2336
41,1383,3045
212,584,994
8,29,217
170,499,538
29,33,1103
216,513,754
129,499,1798
172,538,1965
2964,2965,3162
139,3026,3168
379,1228,1503
508,779,981
129,823,1277
801,1337,3056
155,700,2519
241,317,389
1277,2760,3209
160,179,3211
212,830,1114
129,538,1622
538,1491,1894
26,148,262
277,448,944
24,69,143
538,588,2358
60,154,296
29,437,1598
199,1121,1281
156,943,3303
1323,2841,2960
1598,3393,3394
15,29,120
14,353,369
667,754,1319
28,204,222
618,1141,2358
69,244,2045
85,565,715
85,178,1229
29,216,754
199,1280,2749
588,758,1141
538,762,1240
29,584,1274
963,1799,1803
700,933,2506
1761,2664,2797
234,2186,2319
85,1437,1596
170,172,538
1963,2122,3537
15,120,536
245,296,964
26,1240,1277
296,508,1995
29,299,3563
172,499,538
222,379,700
338,461,3587
55,798,1018
1396,1474,1583
1664,1963,3447
1224,1331,1406
538,1141,2358
29,173,1256
120,434,435
1085,1498,2481
699,1112,1338
366,1874,3625
1145,2067,2586
193,286,934
239,251,1032
129,538,939
86,199,243
29,56,801
25,786,2779
38,551,887
41,245,1162
136,199,649
29,173,972
154,537,1206
88,216,1522
433,611,1442
172,500,538
618,1300,1654
26,773,1767
79,478,603
754,1059,1275
1121,3489,3548
134,538,1283
24,948,1815
224,1114,1503
29,81,602
156,277,366
342,398,1156
276,277,1749
140,276,1156
563,633,1480
69,1586,1900
277,294,366
538,588,1141
394,2173,3830
1277,2478,2760
592,3063,3253
1487,1602,2004
444,1003,2605
292,801,2105
673,1508,2234
15,129,414
38,618,1653
129,538,1141
538,1283,1965
79,180,1118
491,1305,3908
244,1974,2107
26,370,715
1010,1025,3916
1934,3922,3923
199,1602,1816
15,306,565
1178,1951,2087
69,986,2422
88,360,388
1224,1536,3001
145,839,1669
538,617,1336
29,513,574
944,965,2119
173,478,2116
15,29,2908
196,505,1010
501,538,1336
248,433,2259
125,222,1144
29,33,573
134,499,538
296,1635,2207
41,404,1476
199,673,1445
366,505,2931
700,1061,2506
38,2303,2613
446,661,1214
234,700,943
88,513,3010
153,192,755
129,538,3855
38,1586,2226
29,69,1281
26,1057,2261
29,365,1091
24,427,1803
48,49,3602
15,1277,2370
29,1323,1857
81,99,2843
15,970,1277
228,480,650
1020,1964,2579
29,33,216
364,770,1205
811,883,1025
173,1381,1438
15,1735,1751
943,1144,2718
44,64,482
29,51,1275
538,1697,3359
15,424,2452
120,184,1275
1144,1445,1564
33,2703,3916
189,919,3581
15,129,1063
29,51,145
296,334,2261
222,422,3442
424,3359,3778
15,172,1283
257,1603,2173
129,3461,3792
749,1455,2045
700,1100,2107
150,404,1009
199,505,2081
1277,1894,2452
111,581,673
29,466,1059
277,505,2713
276,315,433
29,1175,3487
88,167,1421
15,424,1240
15,347,436
129,1549,3012
150,199,1280
82,366,1801
170,538,1283
538,1277,2370
29,1609,1793
277,296,944
129,538,1300
312,370,826
195,222,842
1277,1894,2977
1074,1363,1475
173,1275,2903
616,1277,1798
810,3170,4117
33,514,762
41,208,344
167,1114,3063
514,574,2240
170,538,1600
29,551,1517
29,1256,1777
3097,4075,4449
424,2037,2731
88,366,2902
17,222,538
1503,2019,2519
146,224,607
12,404,475
359,631,2083
71,276,1623
1851,2414,3027
155,295,2622
29,762,969
154,224,303
117,994,1367
222,490,647
1383,2935,4195
24,162,2688
41,731,1259
948,1114,1457
84,145,444
219,1879,2480
8,29,994
513,573,2048
41,1155,2562
24,394,1928
366,767,2218
770,966,2462
76,202,923
141,566,1339
146,380,899
41,1708,3945
1240,1277,1491
294,1049,2891
199,276,1009
160,364,856
15,40,1807
24,437,1366
1356,1458,2891
117,366,944
1085,2902,3063
29,364,1352
27,696,2791
1222,1657,1901
33,119,1074
15,424,2193
277,366,1815
129,170,930
56,700,1281
245,296,2779
277,3447,3890
154,964,1564
98,193,3693
295,579,1443
29,80,88
129,538,2358
382,528,957
129,228,1277
70,244,883
13,1027,1255
169,689,1971
29,144,779
15,436,480
82,258,1767
146,1113,1793
119,380,441
88,92,1275
99,125,2031
673,839,2356
2035,2157,3257
143,1308,1970
64,410,471
366,2132,2481
654,2556,3310
1141,1480,2358
29,155,1602
2268,2645,2781
29,379,431
168,196,1025
9,534,991
217,222,1205
195,596,1043
786,2954,3750
506,2019,2021
111,1065,3557
169,988,3183
693,699,922
196,1471,2069
234,366,964
55,404,2862
129,758,1697
382,963,1590
193,1373,1863
160,2173,2527
155,176,296
119,154,590
433,1708,1863
247,799,1127
42,71,2414
1277,1504,2760
1474,2021,2142
55,60,162
379,513,574
366,1121,1356
277,410,1922
63,733,2841
312,839,916
366,1097,1614
212,480,1863
117,405,696
338,412,4796
29,56,2106
24,551,2664
800,801,1318
29,33,365
106,508,3285
15,1240,1277
154,296,380
1118,1815,1992
67,241,2171
146,179,800
154,165,1602
508,581,1033
1240,2760,4239
277,366,944
26,2343,2508
29,647,1777
1546,3237,3270
15,129,170
173,514,573
129,414,538
276,1664,4448
1277,1894,3789
81,213,4455
56,793,798
501,538,1894
88,388,600
508,1667,2567
700,1097,1664
964,1088,1802
499,500,538
266,1141,2358
144,1050,1657
29,299,754
96,451,3514
2613,3989,4724
700,1112,2519
218,277,366
129,1480,1697
277,793,1288
125,195,700
129,480,3009
2790,3753,4246
1812,3526,4881
160,338,474
196,277,296
84,159,334
1074,2707,4315
15,337,930
32,1190,1386
135,1277,1600
15,715,1494
15,129,3428
92,173,314
29,222,889
24,71,150
1020,1894,2452
296,1586,2099
1199,3683,4062
1085,1437,1511
14,51,117
15,1277,2478
528,813,947
15,529,3232
81,565,707
199,542,1590
29,258,856
29,1706,3170
500,538,1283
2465,4169,4721
160,229,2045
29,333,600
500,538,1965
15,1277,2452
164,700,1635
386,1475,1756
71,296,2038
2115,2261,2780
505,2019,2173
199,449,1280
738,1169,1992
1383,2458,3084
88,513,1777
81,853,1977
29,217,1003
29,754,1256
29,404,1275
110,173,1059
266,588,618
29,903,1228
29,88,365
15,29,222
83,129,1141
394,1971,3807
538,1240,1277
422,753,928
38,959,2251
93,1055,1281
15,1697,2370
700,945,1118
33,1558,2080
33,1609,2466
222,541,968
119,1602,1803
29,542,1258
667,671,1319
38,307,2019
152,464,1140
33,933,1542
228,1141,2358
79,656,2882
1013,1453,3173
146,2382,3080
71,1150,3210
160,474,1162
343,700,2035
196,199,700
500,538,1600
38,41,5047
62,1340,2096
154,181,398
26,1277,3012
156,2839,3526
172,538,1600
615,667,671
935,2973,3303
41,42,427
14,29,1609
538,1020,2370
75,1427,4562
267,618,867
172,563,616
26,3494,3661
673,1156,1683
424,538,2370
41,2105,3690
276,366,1025
15,129,1026
344,1900,4484
51,92,404
29,514,969
69,972,1009
292,1534,1692
29,110,173
200,215,4285
206,3170,3623
156,366,1438
38,1953,2303
827,1252,3968
296,733,2829
394,1761,3945
499,538,1600
15,29,2508
40,425,4027
119,176,257
338,1938,1939
38,1799,2274
538,1240,2478
86,2099,3982
538,939,1622
491,1182,1229
199,1856,2935
801,1126,1169
15,129,939
34,199,277
1020,1884,2370
277,427,944
34,125,195
563,618,633
258,839,1345
51,92,391
199,432,2543
700,943,1958
29,258,1620
1010,1503,2931
206,234,1206
41,1974,2589
199,448,1398
222,2686,3219
266,618,1654
15,1020,2037
181,1097,3526
448,700,738
154,165,935
94,136,1807
94,1323,1453
29,276,995
15,677,754
44,278,1767
618,1240,1336
228,1240,2478
276,693,982
34,199,1112
448,2764,3211
1240,1894,2037
13,199,1474
100,1474,1907
15,621,1277
381,890,1222
185,1006,2511
38,455,4393
201,281,1288
146,4016,4241
115,759,2132
119,700,1401
15,129,867
15,1549,3064
198,964,1583
38,222,1630
234,646,1751
258,1144,4367
69,306,1620
1076,1275,3303
154,398,1169
38,44,2071
615,667,1150
172,538,1973
64,433,1594
47,1147,2841
167,388,2461
29,903,1388
566,1874,3807
538,1894,2671
154,1255,1331
943,966,2326
222,248,1688
551,656,1162
129,816,1277
222,258,700
125,541,2554
1114,1457,1811
38,944,5211
481,1562,2099
38,3722,3945
69,746,966
433,1447,1843
673,1097,1174
366,4768,4796
1277,2452,3778
29,379,513
366,1890,2910
448,1054,1206
125,167,907
935,1032,1169
432,551,1366
1857,2811,4635
222,771,773
38,199,296
154,427,1077
347,604,1764
366,455,966
15,129,1616
277,366,1856
538,1277,2452
136,296,1928
41,1447,1554
277,366,2882
700,1112,2261
182,401,538
61,162,2210
224,296,389
411,911,1127
538,1894,2922
799,1250,2477
529,1136,1463
277,948,2157
24,1503,3364
565,2008,4061
136,244,592
79,732,1214
366,1114,1596
179,407,1693
427,1156,1815
341,1521,1863
76,584,1922
205,1136,1705
198,656,1049
135,1277,1965
513,573,1670
29,33,574
1252,2324,2667
129,669,2841
51,314,1729
307,348,2920
700,800,1534
42,247,592
18,239,3872
44,1156,2511
335,600,2668
332,1228,1801
41,551,1284
66,143,380
29,754,1745
1863,2045,2735
44,1085,2891
29,147,434
222,296,2118
433,1067,1586
110,837,1522
404,448,2725
15,1020,1240
129,135,1283
38,222,4033
71,448,1055
134,172,538
592,933,4317
276,966,4448
354,933,2667
538,1277,4185
33,143,1873
25,161,1475
1277,1894,2370
296,700,944
64,643,1409
839,1251,2229
608,2670,3301
66,199,943
2202,2361,3303
27,29,1365
1277,1491,2370
15,1240,1697
199,478,1121
505,1749,2099
717,2420,3389
216,573,754
404,754,969
277,1749,2931
2441,2759,3057
228,1300,1654
277,963,1503
1085,1602,5044
177,770,1602
1118,1121,1664
129,538,1192
170,172,2671
38,366,2099
609,758,3035
296,1202,1664
79,1799,2248
366,433,2931
700,1448,4448
29,877,3069
29,664,2741
366,1445,1564
24,882,2667
1277,1884,2370
49,733,2567
33,742,1228
296,742,4442
296,911,1097
199,852,1963
33,94,2104
787,1251,5122
1169,2019,3167
14,29,883
234,801,1028
434,541,1134
29,33,92
29,404,1229
29,216,2106
1863,2099,3392
478,1318,2324
29,449,1331
29,704,1522
115,724,1479
398,746,1121
199,699,1304
26,182,1277
119,156,840
154,380,2610
233,1010,1144
38,49,1690
249,394,448
125,1038,1067
480,1616,2803
480,693,2605
150,156,3303
40,338,347
455,811,2170
29,117,630
857,933,4010
143,2045,2721
222,314,1964
64,1856,4367
538,3778,4594
88,1549,3209
117,222,602
139,198,3140
119,432,1229
55,1338,3830
29,730,5396
1,154,433
172,633,1964
129,170,616
8,29,1275
169,948,952
607,813,947
129,538,4770
8,391,754
1118,1401,2505
15,2304,2452
296,1049,1302
233,1249,1815
129,228,424
1903,2324,3364
38,1110,1879
136,154,2032
1025,1249,1815
382,2666,4502
508,2742,3046
914,1061,2839
38,46,508
222,799,1136
244,407,1077
868,1040,2508
179,1867,2173
154,366,1025
700,943,1623
1061,1590,2825
305,1054,2519
2312,3203,3247
29,404,1059
79,234,1251
155,398,3365
29,92,404
222,1924,2448
96,451,1054
643,789,1255
37,333,1670
38,276,957
160,427,1169
1864,2017,3781
38,154,433
480,1224,2030
700,1118,1121
150,366,1112
222,438,4399
145,218,381
199,542,1174
199,433,731
700,2032,2229
87,222,629
693,1039,1278
1590,4312,4322
51,514,2504
66,380,673
222,704,4984
266,618,1141
26,1283,2671
85,2293,3523
1603,1928,2173
404,1522,1670
12,284,1368
38,2016,3071
199,746,801
173,466,968
29,325,1816
29,54,3755
26,172,500
183,851,2442
169,1138,1356
199,1121,3189
1089,1090,2626
15,204,1621
892,1235,1277
234,366,1856
29,1594,1904
29,344,471
15,1277,1504
29,92,3370
206,656,3489
1389,1457,3489
92,704,1609
944,1025,1815
145,1222,1657
156,199,2749
29,661,703
2887,3656,5312
1025,2019,2157
38,150,1032
129,172,563
882,1162,1602
150,366,1121
700,1280,2519
903,1384,1751
62,1213,2749
206,473,798
144,852,4214
1331,1755,2032
366,1032,4261
66,86,380
29,92,513
129,266,4594
172,1134,1603
79,199,1623
29,968,1474
79,277,945
116,2079,2504
147,1740,3310
505,1118,1815
177,366,1010
26,129,414
277,505,1134
13,1175,1474
51,167,515
295,338,3238
29,120,360
29,1123,2079
258,542,743
428,764,2474
38,86,1594
1027,1085,1259
386,2625,2858
29,1009,3933
154,296,574
234,366,2664
469,1353,2891
41,119,2714
29,856,3616
199,433,1936
266,1300,1622
340,1430,3617
182,1277,1697
134,500,538
29,144,903
154,398,4458
29,364,469
29,83,933
29,1009,1609
296,1113,1142
62,1279,1831
47,733,1006
965,1118,3073
995,3731,3838
432,964,2153
115,585,1803
198,366,1112
573,647,702
149,180,603
86,432,2261
382,967,972
69,745,2811
736,3016,4156
117,602,2902
307,661,1214
380,427,1636
366,505,5058
988,1556,2300
29,1682,3698
38,1226,1402
29,92,451
247,1077,1866
69,146,160
563,618,4770
146,1085,1290
55,1963,2983
306,839,3655
538,1020,1504
276,338,394
179,198,2308
840,1251,1793
1020,1240,1894
787,1891,2891
91,582,1065
480,793,2664
276,406,3945
129,618,2304
840,1258,1583
15,1504,2304
700,982,2797
154,296,1170
29,33,37
154,296,427
366,1118,1121
29,173,513
29,801,2747
15,1019,3248
88,754,868
224,245,911
296,590,935
266,633,939
970,1240,1277
1277,2037,4185
29,359,1103
277,366,1445
129,618,650
88,120,1143
995,1793,3828
38,606,629
29,365,2159
631,1115,1349
29,51,1127
29,110,630
699,2482,3447
94,673,959
29,276,810
125,222,398
188,296,647
33,565,933
29,51,92
199,1401,2987
424,538,1504
380,475,1297
40,366,2248
24,79,2862
148,337,2419
24,551,1474
478,944,1280
383,887,1767
296,592,3690
183,770,852
33,366,427
29,276,3061
196,486,622
500,538,1973
15,2579,2977
418,722,2532
199,449,1596
517,807,1202
224,376,1389
205,1113,2743
33,1679,2085
222,1807,3380
786,909,2289
18,29,169
1567,2482,2519
432,700,2119
29,299,325
280,778,1027
29,425,1168
625,746,1136
37,216,972
338,1114,1761
41,294,2891
51,93,398
34,224,227
29,216,1009
306,944,1280
189,604,2342
982,1804,2105
3052,3257,3431
424,538,2977
179,252,433
262,296,2035
26,154,1564
673,1199,1912
704,837,1143
370,550,1316
352,389,592
71,119,155
1138,2300,3088
284,411,1019
555,1121,1123
129,1798,1965
17,88,571
4,551,1081
29,120,2566
296,2721,3690
96,120,404
1401,2839,2910
160,491,2069
277,366,2511
591,1958,3211
24,250,1006
215,239,935
1697,1894,2452
540,770,2377
29,1214,1290
404,1275,4900
538,1020,4185
66,117,380
410,656,787
957,1602,2891
276,366,945
15,29,2085
602,739,2818
119,180,513
179,800,2512
38,355,4424
33,120,1091
405,1121,1662
38,296,1170
86,160,2350
395,396,2132
71,2032,2289
83,129,1283
71,198,1113
18,508,2625
1240,1277,1894
656,1114,1863
366,1027,2229
455,609,2586
379,944,948
29,673,1229
15,26,258
1025,2248,3351
26,94,1494
15,29,1753
696,1038,1306
38,199,1879
500,563,616
1144,1614,2660
506,623,2532
26,633,2809
495,693,707
40,154,602
179,673,1891
15,26,29
478,1118,1453
338,394,1260
394,1114,2527
538,1020,1277
366,2664,2749
29,217,222
199,380,394
29,365,513
738,2171,2202
92,912,2300
1027,1206,1498
29,37,574
29,124,1914
398,1338,3170
4,29,3351
277,944,1816
366,944,1010
231,604,890
1894,2304,2452
345,1086,2393
700,2099,3489
29,276,366
129,1277,1336
129,266,1277
588,816,2358
14,276,513
1417,1798,1964
96,145,360
4,292,542
436,715,3338
1457,1761,1863
199,853,1121
129,930,1965
